0.573640924983277
0.6231086843985244
0.4846513734824946
0.6544087579908016
0.5439238074524052
0.5735873131086159
0.46452268521840556
0.5070314123280427
0.4987067882895272
0.4592449265314733
0.5218111116900793
0.6232399267726397
0.7937125084119077
0.4923906554171047
0.6615418549719638
0.6650823442613552
0.5166161481063946
0.7765384849166992
0.6187918345501815
0.7958348144718991
0.65967466276752
0.6600374866643806
0.4192800256620053
0.5468301544764504
0.36869379165299976
0.43617514101232113
0.6314414905797177
0.6297966734581439
0.6998883425507688
0.5946591001033121
0.6672823631495275
0.5547509462828168
0.47356794399996205
0.5947417708673213
0.7156330405617598
0.48871094932758813
0.6032838267329198
0.861526395137464
0.8217936927130252
0.7976721281011419
0.737722509581157
0.4942198138746903
0.6482034957076721
0.47906235397183083
0.5245831153852634
0.6731538626984939
0.5319274633059027
0.7548923282836301
0.47409574688369016
0.623682421725302
0.6047964003773463
0.6652558153289561
0.47053244471800465
0.5252168452939231
0.37621792405624166
0.44640150612010804
0.5101446187440778
0.5300483473717882
0.5893682445343902
0.3949991240157819
0.5302538485153141
0.4249329178330164
0.9425209364110432
0.49321196984341575
0.5671448318482604
0.49394603248803504
0.6007729241081459
0.8008797498739731
0.48499104095396106
0.5847702168044993
0.650144736061826
0.6229182240443261
0.4782016181742156
0.6940698623489543
0.7808992111210418
0.934451101411099
0.5968973320362426
0.539927333855617
0.7656230016571779
0.7424389750081166
0.491516246358507
0.6223815907340129
0.5087729935614868
0.7788160843870615
0.6194559753920515
0.7243774057925454
0.667784349961116
0.5255040421212448
0.5923479436186674
0.6773080128259524
0.546851018849952
0.7710714462407464
0.7292411423800835
0.48973354348943265
0.475771182021523
0.41573022073407895
0.8136851154524026
0.6633337881905492
0.5320843785498977
0.7487920151030857
0.4921971754346788
0.6352784232570751
0.6766156218243232
0.5563262964208764
0.4725865179105069
0.4322823325423545
0.6283600728403236
0.6915040228054286
0.6136191191434501
0.7443816805720398
0.6367411057948915
0.870887427638934
0.6374920172078757
0.5852787538859575
0.3789770821556369
0.4829884675262075
0.5413454998893772
0.6249624465495087
0.53637575290491
0.49000499089637406
0.8669289081164671
0.6192623595616646
0.6753634259979445
0.46556167497704515
0.5338676276063729
0.835487659097295
0.4883147718530146
0.7725153244505714
0.4969834033412391
0.5305757470032261
0.600947466829336
0.5057259302067715
0.37531589220402534
0.5102471572919618
0.617536025546748
0.5539166164378548
0.7374417444458505
0.7395155534432107
0.734883365286638
0.7576725737137278
0.8419515048944919
0.39660109747215055
0.35208777534336944
0.6589149153948319
0.7153165137513042
0.7918734761065689
0.5241227524930786
0.7115456849241106
0.7860561329559285
0.6451030431549947
0.4369922965170726
0.46301839905946773
0.7254034207391383
0.6472309751244746
0.6646214110668536
0.5361731360991508
0.6735343259576181
0.4978287061058443
0.8069276096707917
0.6278890813590189
0.383580874222744
0.7595524564325313
0.525400907915303
0.608947650719849
0.5525840564241744
0.6460167442220679
0.6315154940079258
0.3987148943517861
0.32007947592947006
0.7918493187681647
0.6599604203341323
0.4671109725348858
0.6756320581370474
0.5038897442895243
0.9013414125943483
0.7757339932872016
0.8489974999857903
0.7451389598855015
0.8879623869332849
0.5777033500717592
0.7239439618182232
0.5447123591257471
0.545501914351874
0.7256932215338091
0.4406569617376511
0.7122020725192963
0.4798074427582485
0.8261636095683992
0.7126930594897927
0.3159071976725152
0.495755539484396
0.4679783493894768
0.4263367641154384
0.5075612310792339
0.41135493357662023
0.6520244165268501
0.7571731727911303
0.6485524228615711
0.6418713765698023
0.6539842782532326
0.6745429306876362
0.5198968096343037
0.6825677673535946
0.7485898814323697
0.82044673388078
0.5952589419417701
0.5384832694879291
0.4206726443179108
0.6994406036808671
0.5757506966077144
0.577098513112199
0.4242234002401988
0.7456819891815342
0.847575390907982
0.6525688218121417
0.5965849740960802
0.38239559393824135
0.6991551922191358
0.5962944430698316
0.6814356902899782
0.5809050361057027
0.6462367083741256
0.5901335571811629
0.6052283938642664
0.6824915213211814
0.6868079246750293
0.5504806988668521
0.4089514767878394
0.6212686489117001
0.38819579484495614
0.7174826169573565
0.788671768489678
0.4255512275680906
0.6511406734157733
0.8421554543160515
0.7740217098218803
0.6502723652399722
0.5943491033004722
0.4379401280516267
0.5296867476264313
0.7045669810636004
0.5480134194532438
0.7357058199582265
0.45732354873395475
0.6667800812625235
0.5852850658817791
0.44264230468647736
0.544704592417908
0.7734091642911443
0.5317334342804058
0.5683385954479665
0.5002034712505302
0.4817797759060082
0.7252198453582528
0.5629320348757678
0.5874991642690969
0.5958642187881873
0.5925192011441678
0.6038094425475581
0.6111239509307218
0.38849627637905115
0.7120701419729722
0.38583349218131474
0.48377971780178297
0.6453090831845527
0.4451144014902745
0.5239310232729393
0.6268299042493868
0.5041743510312054
0.4067789790850502
0.5212456864974371
0.4967540655614032
0.6169160424998126
0.8263686149319056
0.4795784879192083
0.8056595925940593
0.6599235441276967
0.7931852232562951
0.36531208268123055
0.6062963192256465
0.5639233693251693
0.6174966080524394
0.5333225885235957
0.7246714307273625
0.6227031858484828
0.9434220431112283
0.4897956793533864
0.6767785712382328
0.7579953215522455
0.5484236844837032
0.6358851322396639
0.5784233936385236
0.5462793810113917
0.6430717468739475
0.5741325521199205
0.5430065726903742
0.5383861324898405
0.7670500385235575
0.8476918300774818
0.6743894665752828
0.7894361158383895
0.6910446942485414
0.610036503456058
0.5581655569865027
0.5234868026053632
0.5306619028631943
0.5564917992033385
0.5524911143233033
0.5090741922071271
0.5962418876700066
0.5247595408896342
0.8764695382336147
0.7662855850519658
0.1590391812748255
0.5526825455264532
0.40921099194198446
0.515765777745316
0.45581523190800755
0.6644939541251075
0.5991863032810414
0.568716592772337
0.5430338565573101
0.6330540538630176
0.5897849320159321
0.5078775945769041
0.758192834982651
0.5521842771229557
0.46453942248784474
0.49321196984341575
0.5075495448645211
0.5826164364373326
0.358122969419861
0.6423756647869381
0.5780919256645252
0.8164053841872518
0.7308652676432889
0.5727391205617278
0.7129054547299077
0.630630270031041
0.5542591348034285
0.5484619427844023
0.5703248599877486
0.6219016072301135
0.37787716628363305
0.6485047427083359
0.6156299571031507
0.7196334210803993
0.5910819086438407
0.6532263060278415
0.5628252035642967
0.5046958787829899
0.46998142865949444
0.5805049753621778
0.7317114194360896
0.5766424866223081
0.4656239038486636
0.6605139797084318
0.7818109457990852
0.5510597846731784
0.6312529349510484
0.7640423308781534
0.6644770873990045
0.6228266357814551
0.6994962127879696
0.6995967889469579
0.5884705298231191
0.5032800498466482
0.4170299195911126
0.508093756899181
0.46356006555887846
0.669501350700585
0.5357914383501584
0.4798695304724963
0.5922333212362191
0.5400838912198358
0.4810345488086168
0.5427895275209033
0.34654448499969376
0.5642911925071046
0.4826476421431001
0.7110517775038255
0.6102109806830898
0.9298094085963391
0.7487572939147328
0.42589407858377337
0.5003501539907642
0.6727808705856937
0.5307302242616583
0.6663594860598612
0.5720698808116158
0.3850354822095724
0.8074861514275165
0.6719598005288914
0.6332066832993544
0.4734619474375247
0.7091307365012761
0.7283515871526651
0.7340806588090297
0.8729553266330081
0.4808294560969041
0.5676485918085508
0.6823467430892336
0.6753664900922713
0.5629631547141668
0.5370144978497998
0.5503381822606545
0.6066040990445217
0.5203566375846497
0.6327298389392051
0.5844414944612781
0.5802003568614691
0.5469188852355871
0.5174280192640126
0.31358582961136705
0.6118279079331381
0.4052977320561517
0.8362124160498281
0.7982562683695908
0.5494913947064075
0.5898598330408843
0.4376640229271941
0.7125244084093022
0.6893482667316444
0.6119603668761718
0.7197826326205801
0.3914311927872207
0.5160872817476897
0.5465338065444281
0.7281202502523206
0.6130012402546487
0.5938504531113558
0.6075750041165139
0.6062110070229505
0.6117884108712381
0.6252149044761245
0.9010397625282983
0.7104863734675986
0.7344124586239662
0.693637859093654
0.5728818770306618
0.5502568637366634
0.6386658765717959
0.5662838226712322
0.6655831801945435
0.45042043884936234
0.5476424144170242
0.7740022140277614
0.5035696731524588
0.5610951440705786
0.5857755532915723
0.7489435689504786
0.5292169804804376
0.6392684077100315
0.4896811324369251
0.451695484339468
0.8616467135792608
0.6894817884094958
0.4625813939157061
0.6137506392555849
0.41904622639491
0.8989289105887881
0.5077614125422989
0.4331423402396332
0.583867803744466
0.6758150119023806
0.5437531634932663
0.44866794273081734
0.3273624711245345
0.7045136814601592
0.44374317687243503
0.4103519832175825
0.3273624711245345
0.7330831545870374
0.5301775630105885
0.8877428090099455
0.5871396486492485
0.5811717358439037
0.37062220257004236
0.7969418068768396
0.5995333272736341
0.4268670734124149
0.6183386688656014
0.43448890448133637
0.63821927581761
0.4407618724260236
0.5594609543200374
0.5078105170394176
0.6248966799329727
0.419465594656093
0.5365691319049001
0.5559252415883406
0.5642799530824257
0.5280159575499791
0.7779417828765369
0.5640648828900351
0.300697737022896
0.6287608112619069
0.46619160393447723
0.5459911701604012
0.47881761905811326
