0.7198776844063502
0.7107059025055926
0.6455765640768001
0.7733542562994018
0.7276842506301828
0.7099253050818751
0.6720448984996543
0.6745179226878871
0.6972020319125589
0.6575788056035197
0.7033353920665779
0.7229203693326745
0.8656180981433734
0.6841129458996134
0.7634338645202177
0.7657672755044547
0.7026802526239101
0.8631868696865733
0.7102834745985158
0.8705847250272862
0.7677733709592653
0.7848291817160091
0.6611779658932443
0.7198720868845845
0.6066582876055528
0.6585107798830746
0.7297714606995339
0.7535391406057161
0.8363566725801865
0.7343057212073686
0.7902565356974368
0.7167447768210584
0.6655928304126567
0.7229108966913153
0.8451932811964938
0.678057413433177
0.7710846267940666
0.9117962540002231
0.8605511754449153
0.8648727853873173
0.8380606178401524
0.6772671284327395
0.7605402353183168
0.662072415406438
0.6727581070916295
0.786427068034932
0.7061670584648196
0.8388133723766352
0.6451967094470483
0.7378222725412241
0.7332384221099051
0.8022680613459674
0.6727542435406502
0.6901870170579407
0.6149178665830431
0.6884838900940202
0.6949409791882295
0.7103081184466622
0.7520749841246507
0.613608239771205
0.7099444885736194
0.6410630562573809
0.9644087733145565
0.6845777610237668
0.7252865357053904
0.7114311974958878
0.7555867099367736
0.8660098250835759
0.7138512188181612
0.7429400440953331
0.7766441317591476
0.7899108552192856
0.6887901752529798
0.7957468549348539
0.8417268361264222
0.9642908065390619
0.729922441226542
0.6920342361658729
0.8406489691212542
0.814978287619267
0.6947492989100498
0.7607361611834902
0.6644896835349327
0.8271314923200868
0.7204864037989199
0.8286613914030625
0.7535507571457234
0.7028260142808835
0.7340776642903619
0.7591961407495726
0.699540218369804
0.8281639912886023
0.8268057058199509
0.6784686853682987
0.6835860917814486
0.6597122813989487
0.8388977222073042
0.7804594385103063
0.7138682988496672
0.8232367115656458
0.6524170769806314
0.7545346010474837
0.7732325707867279
0.6840379932690698
0.6556463352412092
0.6539122122908877
0.7479665179254382
0.8040770890194677
0.7391745306289956
0.808009844876971
0.7691768451392526
0.929563693214078
0.8084675623203608
0.7505270210819556
0.6295747147508205
0.7292355372901776
0.6945584434778106
0.8126826666719954
0.7026755327359872
0.6611240831820474
0.9057220202265951
0.7743109820417992
0.777619714063067
0.6767426723311201
0.7155325207994654
0.8730496041878816
0.678290195000175
0.8694561350488236
0.6831662395826594
0.6966743990793063
0.7182388947603661
0.6769767634989946
0.5952716533754884
0.6799674487916421
0.7214452210852598
0.7129226321869193
0.8197572716019503
0.8300762178518069
0.8204663072419983
0.8347717652555362
0.8919763060041284
0.6159170701293912
0.5976355876744263
0.7902083019621087
0.8184856874379001
0.8543973927538446
0.7035036818076216
0.7750330193728363
0.8501781297861979
0.7510127888797626
0.6431299670898256
0.6875293970974358
0.819764763286074
0.7479158734524555
0.8036238503157486
0.7404619692627408
0.7752382242193384
0.7016929973246526
0.8464799938121538
0.7606536392727338
0.6209815784937551
0.8557085853586915
0.6895733883042705
0.7416003091590506
0.7172691082707594
0.7572846407502956
0.7527871843516082
0.6186217650769461
0.5900018431511121
0.8682786873241789
0.7922145719645324
0.6640872803759817
0.8206423970210168
0.6743206531313725
0.922515605903603
0.8497419744403012
0.8975921937323164
0.8015387865244306
0.9190030899027714
0.7379887367058932
0.7952342292422123
0.7164345191409636
0.6734369198253662
0.7876780062971913
0.6453106139025534
0.786555313746147
0.6579054655463205
0.8748320346620599
0.8373536968132204
0.5728588618312165
0.69514443981715
0.6839253037194275
0.6600043385949528
0.6881305894841403
0.6465342319187662
0.7592248764510138
0.8490008613320059
0.7707287277380078
0.7739578646590769
0.796071396086506
0.7884622782853081
0.7181817393936627
0.8063070198525397
0.8450328938756703
0.8709626941483317
0.7397525899698663
0.7062060064424927
0.6273967427867774
0.7901256475892282
0.7569961826373016
0.745714224575662
0.6462819373789543
0.8206978221815375
0.8819366467037046
0.7904478210367137
0.752510031839355
0.6414742744177281
0.80045436226751
0.7484252584136131
0.7982840398101378
0.7331222292642263
0.7375616079843136
0.7346716778551639
0.7373972404346896
0.773349048194518
0.7586420664617692
0.7233925171020763
0.6367430118686797
0.7755964322286617
0.6254004501628948
0.8305381936018935
0.8503340987646228
0.6525873550919441
0.7468653927842163
0.870400423460402
0.850716987559992
0.7948438495050737
0.7597100579608782
0.6779887398628608
0.7137392553843954
0.7908990277767969
0.7275075597721695
0.8415011457646477
0.6674333313508721
0.7952588750177041
0.7438496843247755
0.6807098361041863
0.6861572931807373
0.8239040783835154
0.7077370710306244
0.7351261880600231
0.6833308027455038
0.6994008917124969
0.8041512290508367
0.6950117177180641
0.7118490165779637
0.7492780704281977
0.7522315672966833
0.7241496772160396
0.7627249700948805
0.6433636913131968
0.817766629302384
0.6219651708015075
0.677740143319548
0.7742099025415483
0.6477687993697944
0.6917963651455419
0.7639386079900595
0.7181321069732186
0.6070139801156367
0.7068388425065926
0.6932029079188449
0.7434139836511169
0.8625614205527221
0.6981064079582203
0.8452321820240556
0.7655466287262289
0.8605343048577201
0.6212955894061939
0.733822585573954
0.7156206755438002
0.7642339521062558
0.6733948628646766
0.8363704085541535
0.7320718882181952
0.9282064273275564
0.6869020693656672
0.775274167131306
0.8228125082035798
0.6952209233405106
0.7623705986052431
0.7454132998166532
0.68346291598965
0.7762196568574236
0.7450367342226274
0.6963303466445838
0.7238455750946026
0.8460547223154009
0.9048410004319243
0.7826778271558106
0.8404062472565207
0.7824556627863941
0.7374100221442995
0.7357969353264154
0.7050639504365365
0.7212866262963639
0.6995331877863892
0.748110928910996
0.6723123465862975
0.752316662229873
0.6780302593234799
0.9353709397350796
0.8447591806341133
0.5143811411973874
0.737443068552604
0.6323698314318938
0.6961969078865468
0.6540869673831116
0.7963048091558325
0.7425742976694614
0.7256244713299369
0.7238779070543713
0.749031095557727
0.7472997723446032
0.6907108051933792
0.8317728620132104
0.7422957957100671
0.6559309279966894
0.6845777610237668
0.6811590453183222
0.7343421738555328
0.6171324708586804
0.759734227003942
0.7237590793291139
0.8581935339775628
0.8082690973671045
0.7185994569847411
0.7961424462265057
0.7513047901989955
0.69159398016208
0.7112418429762465
0.7236312647826546
0.7526884142708077
0.6420007716247891
0.7563151079734723
0.7473734556769674
0.7871077848886705
0.7214314141002122
0.7694423410817894
0.7112681690434465
0.7006370955282303
0.6504178994295877
0.7344636510666327
0.8455527604372121
0.6982319357498772
0.6679664903997651
0.7628481746342267
0.8203595139885632
0.7037817982845821
0.7540665162908952
0.828063344280846
0.7681101345682244
0.7480293063756449
0.7710870825432057
0.8268719550511698
0.7246969024670494
0.6954841332558707
0.6374491840718411
0.7047847235503304
0.6718672620441027
0.7764838589828327
0.6893598911888081
0.6825007176319279
0.7281008889636839
0.7287445215913879
0.6739796782519796
0.7220197255769374
0.6043642979607012
0.7154913214204766
0.6717201826272923
0.795244809037606
0.8129878586197475
0.9263545661784336
0.8232728069954128
0.7007684229118643
0.7128453196890386
0.7938835169419781
0.7163201238615571
0.7713099454352181
0.7364797152982825
0.6180389909069185
0.8785180647489162
0.7685658591060881
0.7706065587192769
0.6667443723653255
0.7850583562651106
0.8235422060972655
0.83550350218401
0.9011874762701174
0.6914278947361092
0.73215835924107
0.8105637260740449
0.760012039375353
0.7003837591163142
0.6798029330192029
0.6770514734267621
0.7637023899779283
0.6722319518296296
0.7622681542519503
0.745393022986386
0.7362942640754679
0.7120303528495087
0.7018329619712982
0.575227628615611
0.7295696264616279
0.611604259924592
0.8868604209455824
0.8680311530432769
0.7001656277451752
0.7621899715587638
0.6503379905478079
0.822695277073981
0.7935282006593267
0.7749508617604002
0.7837192515934496
0.6076152161674304
0.6902085820405206
0.7284846653294672
0.7951772989153556
0.787661398647298
0.7196104072150536
0.7509131694374521
0.730239247739621
0.7303860651362506
0.756373766384904
0.9210513445105046
0.8279058162246927
0.7919405231696834
0.8260704937862747
0.7071333528276373
0.764176062075481
0.7971240989741881
0.7118635352767209
0.7982926124925984
0.6397991006637903
0.7031838028729678
0.8695344288836311
0.6796993411209533
0.7375785802707089
0.7331692301435242
0.8316604942347554
0.7036783865609516
0.7381845865244318
0.6880834175433321
0.668271637494327
0.8934524988294311
0.7762988514653764
0.6804303398307753
0.7637361101474205
0.6371288746113711
0.9326922199092254
0.7074712456436378
0.649920041166138
0.7331009094135134
0.8047988517363104
0.7082963381225866
0.6455372495837505
0.5867695451308582
0.8115258123206026
0.6439779073463581
0.6691345358481947
0.5867695451308582
0.8299177541779141
0.6987201228180879
0.9097867972323342
0.7176951002649679
0.7061591103711555
0.6095514815949381
0.8631459683139542
0.730498608619733
0.6492564573906678
0.7867687699902579
0.6457466676794229
0.7665482894707991
0.6461368437941746
0.7298343182809615
0.7007908393725955
0.7859829896759744
0.6383528490869984
0.7103062183564799
0.7318703990563554
0.7083730299609347
0.6890229824194989
0.8457090130906568
0.7095115888295928
0.5699992605192903
0.7550917534038676
0.6871534563457486
0.7222000123800617
0.6774143001787434
