0.05775782788703876
0.03555555555395037
0.021229047280221597
0.060666666653748126
0.03741822749807391
0.0646973841482529
0.01619896544961985
0.008359531956070672
0.04933967030683679
0.03499999999162468
0.007000000002034978
0.056229204076126874
0.21201964371236426
0.02173289784769905
0.06666666663737503
0.004646793041147911
0.08653282927040086
0.23938719868167513
0.006315646548658471
0.16766646300955876
0.06425824692883918
0.18666720637819986
0.02938448064150212
0.11001383385811887
0.012875780433261538
0.008433437932350438
0.026006616124924265
0.014000000000969829
0.28513350738454946
0.015041897065564715
0.1761998892199178
0.01901383393950435
0.0082664146718532
0.017833001764433913
0.3467134136546254
0.010614286543472245
0.21898364982764706
0.3085053885575881
0.17164515690718732
0.1886765288047851
0.20563735181154735
0.025666666665536336
0.07858385355734174
0.0456142865088066
0.032711269436474816
0.0512285730743986
0.031599747990349245
0.26666728320652733
0.041258027396383554
0.034999999995105335
0.040424461077466244
0.21727806314687534
0.037333333327788855
0.011666666667732372
0.004407097397962257
0.015138604489492294
0.029897352066862844
0.07392555709935514
0.1685436257918119
0.07768336283494176
0.0394714898017173
0.10353467710751704
0.4470733399911194
0.009875620123397868
0.03733333332750524
0.13066666656531054
0.0374182275006572
0.1777787624499718
0.10271781390116601
0.044999999985288704
0.04251477289673006
0.18487610632078721
0.010000000001918675
0.18190771599808797
0.21246611339754548
0.25666779715227295
0.03499999998799094
0.00826641467107214
0.11841242708586071
0.03747346980748627
0.045500367038739435
0.14494718098263026
0.007514772931624482
0.10791243010712831
0.013629013700624217
0.15545125981727892
0.030000389562470427
0.01749999999629737
0.05646223053173573
0.0394740466310665
0.006514390575181278
0.07575225189613012
0.2328393001840888
0.00666236287902747
0.0534381278064059
0.030848106249545638
0.16275924925423618
0.11666723893434357
0.029847723894114452
0.1828860606398341
0.009384480642140548
0.026250000000332837
0.022356911266709995
0.008359531956413604
0.029479732770882172
0.01000000000015303
0.03738487506552935
0.06246146487015056
0.021625780430823506
0.018768961284188986
0.16799999971427051
0.36975878236996784
0.23333419596381877
0.06999999986543713
0.01954353367484348
0.2568680102789456
0.008359531956873624
0.28995631459077253
0.011462230541124286
0.013999999998192932
0.26171048578398204
0.10870005906440472
0.0391257804292065
0.016738706117109547
0.037251240240433324
0.16535195838392955
0.004407097397871805
0.26794525370801814
0.007000000002034896
0.010000000001918778
0.010000000002387358
0.0070000000011029686
4.358153668562215e-12
0.025965616900855977
0.011666666665283758
0.012581210992277813
0.15372909896215614
0.22348978251555934
0.06283581381300708
0.00858385362489913
0.13789593416705448
0.011666666669037585
0.01166666666903757
0.1519797324948779
0.08166666659893952
0.17000059812419502
0.08061428647347639
0.03500062235823332
0.15801190204398055
0.08230119970472925
0.008583853624941545
0.06066721032294212
0.10421906383409123
0.09287916173334296
0.191719748760203
0.1399999997942978
0.05002954585624821
0.10938057446328911
0.035488418802147925
0.013999999997140527
0.01302878114933718
0.2583702727626494
0.09624240694393807
0.0874999999276092
0.02292446108115633
0.10723636379648405
0.006437890219423254
0.011666666668069476
0.07083239310853287
0.2935518843639399
0.06669046860404333
0.006437890218884632
0.16815772202815873
0.012183840117220734
0.29832958356530564
0.18750046735589537
0.18308510461570426
0.02333333333235476
0.16333395541934462
0.19914022664043363
0.04867602191225372
0.006150599887160669
0.01399999999877547
0.0696330217256884
0.006150599887160663
0.05390545519851647
0.0022626792492508774
0.08166747878914965
0.22201179005475874
0.008583853624899117
0.033695917614271
0.0782664146025714
0.011666666668069495
0.011666666668069495
0.036924461078555154
0.08146223047195264
0.11720993253240554
0.01804736509826118
0.0542503953823603
0.1539165516399159
0.04325156085835344
0.1295431415264656
0.22741436458447664
0.17620958427788644
0.25306316243775395
0.030702382899149658
0.023102483509199037
0.022924461081248074
0.16387355134870035
0.1798666331732152
0.08671906384105146
0.1166666665717794
0.22644589407802726
0.1380004422327812
0.037333333324705315
0.04533805914724499
0.09266877892557158
0.11229966794033788
0.04137508161920026
0.17037610686021312
0.10992035190697919
0.018768961285293564
0.09305042863946145
0.0839999999287414
0.04958370037487755
0.037538314778230816
0.09349044438421474
0.044052414347923646
0.11862958597530643
0.008266414672207957
0.26025728486362076
0.29812805797532865
0.008266414671535783
0.006082088019744677
0.10866964293839036
0.10401797545875069
0.11456190633244065
0.3562717631785903
0.0722713178655394
0.02988276708952405
0.1980877662748022
0.01713004494596288
0.15502994197871395
0.011666666666138626
0.11710408958612899
0.036967829175869965
0.19153334535705657
0.014000000001949661
0.07290352953929609
0.03733333331972745
0.01606647896933495
0.019166385925516054
0.06453217836399185
0.028153441926589185
0.017500000000178026
0.013629013702707856
0.07176561839053885
0.03862768331586067
0.05931475498314902
0.1846290776113788
0.039667061087561996
0.1696272942081072
0.013999999998634355
0.028385730576151725
0.018872109284831313
0.011139389619826042
0.00501383394369525
0.185882731056713
0.18769179205591116
0.013999999998169832
0.03407118500264204
0.021774885017423546
0.06172750764896799
0.18098029219763037
0.05917621004953058
0.06641790688076973
0.024799671754663376
0.13422094901654538
0.03499999999162466
0.11900053124773466
0.03681405433525091
0.03306613784339081
0.009999999999455212
0.19979995205354917
0.04042446107261398
0.18375062582826948
0.024576191021508376
0.032397974981661415
0.051962522308705655
0.027258027398648937
0.009875620122911679
0.045614286509442825
0.02286966379018694
0.07270192689759701
0.09799999992874141
0.023601443226908055
0.034574085209147024
0.10674318270074087
0.17100030182368925
0.04396501862902014
0.11823396520279614
0.13684285953640027
0.07999999993148482
0.10568336282436468
0.03952558969113431
0.024471329854579935
0.023333333328468906
0.1667470552215937
0.006437890219175384
0.11108239008080449
0.07826641460262712
0.41927341917857613
0.17286672552446153
0.006150599887156325
0.14801061762340847
0.0031578232753098575
0.039979732771244496
0.023333333333694625
0.0854590229761504
7.160282598090565e-17
0.035751560831444006
0.11281169006050891
0.037333333324705245
0.0804166116777964
0.011666666668530527
0.17394761959144353
0.1306666665687398
0.0816666665985148
0.009875620123397868
0.007076191029865741
0.014414728895601511
0.028385730570780532
0.12657309404715905
0.0950864367181798
0.10920535099406806
0.16265404373012243
0.012875780431104569
0.16265404373012243
0.08671906383860155
0.00858385362505447
0.022510667801287427
0.072418227473462
0.015366725807599228
0.008266414670976508
0.018768961285632935
0.013485094778968556
0.03438669162026267
0.018768961285081456
0.07150351122632337
0.011666666668167968
0.062222492979764225
0.0039047778032625584
0.07707619096125105
0.3383986738803637
0.0544444444303902
0.058050088703126314
0.09516242191445815
0.08655906038624657
0.02292446108045947
0.019581941300992684
0.03938057453208098
0.08399999993141731
0.006437890219518973
0.048295879620152214
0.23028388523484825
0.10363395761176677
0.01362901369978539
0.032690803611498044
0.058990427920879406
0.025150312174379137
0.11454901301027919
0.05622857304907002
0.033948016270610545
0.05899999998762888
0.054384480633662455
0.02114219509965794
0.09768370361972864
0.0051503121757410985
0.02068555752047452
0.016075970268559482
0.08890756169232236
0.22302919722528464
0.2612165257764736
0.16491815744048322
0.1606332003616506
0.05475167651967116
0.10871098420939057
0.005647181220556641
0.03499999999382586
0.10174860969277559
0.027999999998136797
0.20042722504109262
0.08717742737719891
0.03721379139853122
0.011666666669037588
0.030000434122525413
0.22898612524382067
0.10343903253344955
0.3610418896298321
0.02333333333488149
0.03885008436112839
0.0782668256731094
0.04868508931549458
0.021542286788311407
0.011979732771330425
0.03184285961196872
0.12666714438250937
0.020000000000935405
0.04199999999274441
0.044702375709997536
0.02608385362276253
0.011666666665806525
0.03575156083381899
0.011666666668069495
0.03311911119736177
0.03499999999449505
0.2887212746706324
0.18746253620603906
0.05079195423415255
0.10343812773847905
0.014000000002247355
0.1553667255275755
0.03684802427683123
0.1171253961818755
0.12283094781201907
0.021979732772353454
0.019999999998078336
0.1516666663895206
0.03950295127949587
0.29566634651609813
0.0929244610106334
0.03898934354864034
0.12100067102454112
0.09313995329659686
0.04308505631111185
0.3138054372138161
0.16649147859036192
0.01671906391163142
0.17499999970538332
0.01000000000191869
0.2451537172643224
0.16834716699187716
0.009384480643595478
0.18430543731161791
0.014000000000487994
0.013999999997688004
0.3278177092722543
0.009384480642887109
0.04743856192569589
0.05233799210811122
0.08105407939141686
0.02600659389561306
0.04325156085884018
0.044153397919660865
0.010000000001918778
0.21735285282979527
0.04325156085884018
0.010000000001918764
0.13300051462114929
0.010000000001600144
0.3468689633680177
0.010000000001918764
0.04207619102250103
0.17018434368141094
0.11083333325552196
0.04083333332901385
0.011666666668069495
0.023333333333236984
0.17499999972015107
0.03499999999449505
0.008583853626395244
0.023333333333236984
0.23847123768859244
0.018450074504164114
0.17500062583570705
0.011666666668530511
0.0116666666701592
0.013999999996637588
0.24897108401796858
0.03280728783533698
0.006290605496728172
0.20921971493143646
0.02395946554431833
0.03276896128265444
0.020935700350265436
0.04575156085774251
0.025619111195149865
0.175136515392137
0.02424330023964444
0.02122857308237339
0.16811428626015443
0.004407097398991444
0.010614286543067262
0.24065279190708455
0.035000361395079505
0.023333333332601652
0.02333333332871284
0.15166666638787968
0.05833376180788458
0.046667064428173956
