0.05158374705023957
0.03555555555112443
0.021228574590122992
0.06066666664861063
0.0374182274935524
0.030064650292466688
0.016198965447199665
0.0083595319540383
0.04933967030306382
0.034999999987145654
0.006999999999461742
0.05622857506164705
0.1475752772744481
0.02173289784495662
0.06666666663294017
0.004646793039996375
0.08653282926782793
0.15167970818004453
0.006315646546942459
0.16766646300619714
0.027129357222855626
0.18666666799092574
0.0293844806380821
0.11001383385521173
0.012875780428466483
0.008433437930292656
0.026006337849498434
0.013999999997427588
0.2160099779095938
0.01504150304084669
0.12308662882700983
0.01901383393709093
0.008266414669016795
0.017833001761691482
0.3194534033798492
0.010614286539896576
0.17729226319570918
0.21685708881972315
0.17164474270066257
0.18867602317617965
0.1972146705491729
0.025666666662116314
0.0785838535546265
0.045614286504906836
0.032710938272548215
0.05122857307094473
0.031599747986827895
0.1987771546548757
0.04125802739135342
0.0349999999905414
0.04042446107290231
0.17568011284983492
0.037333333324057215
0.011666666664901133
0.0044070973966915524
0.015138460119325799
0.029897352063915087
0.07392469653708691
0.1567255974646542
0.0776833628324013
0.03947124589928514
0.04334284402211308
0.4256024702551699
0.009875620120613136
0.03733333332302621
0.13066666656024364
0.03741822749553367
0.17777823511433824
0.10271781389656877
0.04499999998130965
0.0425147728937823
0.18487562131204346
0.009999999998771734
0.17143021646579065
0.16305824698811583
0.25666666928330506
0.03499999998283012
0.008266414668977103
0.11841193056003363
0.03747346980232597
0.045500001067668196
0.08108785538235912
0.007514772928788077
0.09964315106110996
0.013629013697170083
0.15545093723291312
0.030000001197828544
0.017499999991563566
0.056462230528505686
0.03947347151517111
0.006514390573553881
0.0757515627228195
0.21175085673292518
0.006662362878126218
0.05343812780188062
0.030848106246560984
0.14374174143414542
0.11666666826088905
0.029847723891389163
0.16043109697473706
0.009384480640831873
0.026249999996912816
0.02235691126429628
0.008359531954055189
0.0294797327674489
0.009999999997321792
0.037384481831052405
0.06246146486704118
0.021625780427243727
0.018768961281648528
0.16799999970911023
0.25668382997638034
0.23333333540155043
0.06999999986031359
0.01954317282381066
0.19667617719354166
0.008359531954088891
0.27686880631146976
0.011462230538666768
0.013999999994635583
0.24464634979194952
0.10870005906027268
0.03912578042507447
0.016738515149928683
0.037251240236701684
0.1653515629683851
0.004407097396689359
0.2053428437404594
0.00699999999946166
0.009999999998771837
0.009999999998786958
0.006999999999406587
2.775768862983436e-13
0.02596530897206364
0.011666666662925342
0.012581210990368717
0.08106480603584496
0.17115138865201798
0.06283581380758291
0.008583853621815343
0.13789524179462054
0.01166666666498582
0.011666666664985805
0.15197973248975435
0.08166666659496045
0.1700000015249322
0.08061428646988558
0.03500000193851144
0.14356866270403096
0.0823011997007713
0.008583853621811344
0.06066666831642238
0.10421906382821432
0.05004857426919903
0.19171906584909512
0.13999999979028765
0.05002954585300745
0.10938057445776533
0.03548802636334777
0.01399999999456403
0.01302878114703757
0.1862690536203732
0.09624240694141188
0.08749999992162283
0.022924461077256566
0.0962369837548114
0.006437890217414355
0.011666666664922535
0.07083239310760354
0.2744702716411917
0.06669002238836516
0.006437890217383471
0.16815734329346924
0.012183840115322368
0.2756179179611654
0.18750000106577744
0.18308457487873342
0.023333333329612328
0.16333333499962274
0.17470419503573686
0.048676021907780365
0.006150599885387258
0.013999999994671835
0.02766817666500425
0.006150599885387252
0.053905004160070644
0.0022626792486986316
0.08166666889885972
0.17542087049127852
0.00858385362181533
0.033695917611323345
0.07826641459905005
0.011666666664922554
0.011666666664922554
0.03692446107444924
0.08146223046869915
0.11720958635249114
0.01804715035571683
0.0542500011305876
0.14365215696272368
0.04325156085428495
0.12954244915403165
0.17272640771723657
0.1762091149204037
0.20649482156278318
0.030702043953999312
0.02310248350483049
0.02292446107725786
0.1546681983867029
0.17986616381573245
0.08671906383799216
0.1166666665659025
0.2082610097911663
0.13800000115243705
0.037333333320226286
0.04533755937845547
0.09266877892240477
0.11229924517504476
0.041374677990633595
0.17037578110683374
0.06269853818919993
0.018768961281707037
0.0930500896943111
0.08399999992463549
0.049583334380617634
0.03753792378297019
0.09349006808063152
0.04405241434435913
0.11862901530185191
0.008266414669038222
0.24355048542219832
0.1948004617833602
0.008266414668997657
0.006082088017846114
0.10866920105397936
0.10401797545528357
0.11456190632739603
0.3428780536503538
0.07227131786496531
0.012101728649063781
0.19086091548598338
0.0171300449439051
0.15502954678569045
0.011666666662983109
0.10589592489507607
0.0369676372621311
0.19153283072074165
0.013999999997470631
0.07290337566953935
0.03733333331524842
0.01606630630236649
0.01916638592338025
0.06453190364796102
0.028153441922475396
0.01749999999794236
0.013629013700472193
0.032195630348692314
0.03862734226878798
0.027128541054769858
0.17018459834307514
0.03966666785308502
0.16962686136638203
0.01399999999464414
0.028385730572731704
0.0188718173841408
0.011139389617916946
0.005013833942619622
0.1784546090719401
0.15172017508436
0.013999999994627591
0.03407091170904806
0.021774670274879195
0.02954129372058884
0.18097981447828607
0.059176210045473326
0.0664179068766514
0.024799245346840176
0.13422037606427328
0.03499999998714563
0.11900000151076379
0.03681367180750382
0.033065660124046506
0.009999999997278457
0.19979924573289048
0.04042446106849565
0.18375000140033096
0.02457619101901991
0.03239797497860212
0.05196202608814292
0.027258027394150307
0.009875620120580367
0.045614286504944195
0.022869663787660758
0.07270151169075709
0.0979999999246355
0.023601227851928072
0.03457375312240041
0.05800693733181975
0.17100000057612036
0.04396477220690163
0.11823345293494669
0.1368428595317471
0.0799999999287327
0.10568336282121896
0.03952535921787807
0.024471134763180455
0.023333333325716785
0.1667467326372279
0.006437890217401973
0.11108208879316162
0.07826641459904733
0.39782911554676337
0.1728667255203432
0.0061505998853923225
0.14801045354469777
0.003157823273536446
0.0399797327680127
0.023333333329686613
0.08545902297406735
7.391871608059982e-17
0.03575156082785748
0.1017180187411863
0.03733333332022622
0.08041661167373915
0.011666666664954858
0.17394761958556665
0.13066666656307746
0.08166666659493502
0.009875620120613136
0.007076191027756282
0.014414728893096768
0.028385730567180134
0.11120241077810603
0.04006136371338766
0.09448822574315559
0.14196607129779915
0.012875780428343173
0.14196607129779915
0.08671906383261517
0.008583853621840248
0.022510667799109495
0.07241822746650323
0.015366725804668644
0.00826641466896761
0.018768961281733172
0.01348509477609669
0.03438669161578932
0.018768961281700837
0.07150312286168149
0.011666666664914466
0.06222222301255361
0.0039047778008050394
0.07707619095781779
0.31301962342086775
0.054444444428154534
0.058050088698246585
0.09516242191070412
0.07489926921564329
0.022924461077205967
0.019581667207884738
0.03938057452771243
0.08399999992743824
0.006437890217423935
0.048295879616521625
0.21815753719583375
0.1036339576083129
0.013629013697112122
0.032690803607458914
0.05898997688243358
0.025150312171637372
0.10896568420535123
0.05622857304459667
0.03394762107758706
0.05899999998439884
0.054384480630731674
0.021142195097117483
0.0976833638791273
0.005150312174425684
0.020685336718365224
0.016075970266357213
0.07724777052171908
0.22302878201844473
0.18001279281467636
0.14374682205270192
0.1606329456520665
0.05475124152195884
0.10871048227849582
0.005647181218588524
0.03499999998863951
0.10174860968962987
0.027999999994615447
0.2004266781338575
0.037769560967769254
0.0372137913949667
0.011666666664985824
0.030000001319203193
0.17500828852083777
0.10343813075298323
0.3406220912017697
0.023333333329757955
0.03884985715079338
0.07826641590850948
0.04868477077681865
0.021542286785329566
0.011979732769566424
0.0318428596085881
0.12666666798630843
0.019999999997355626
0.04199999998901277
0.044701801208560356
0.026083853619603768
0.011666666662959055
0.03575156082933996
0.011666666664922554
0.03311911119283649
0.034999999990516
0.19576571843911292
0.18746197213935958
0.050791599172135736
0.10343812773469513
0.013999999997513548
0.15536672552466138
0.03684768533168088
0.11712501026353159
0.04667903408566048
0.02197973276824754
0.019999999994498557
0.1516666663849991
0.03950248192201312
0.21630532726818927
0.09292446100721008
0.03898901238471374
0.05251125933155484
0.03185293493503656
0.04308457504823447
0.22751338953341188
0.16649115728864755
0.01671906390803102
0.1749999997008194
0.009999999998771748
0.1859483806183838
0.16834716698831262
0.00938448064092221
0.09801401406372984
0.013999999997404207
0.013999999994604218
0.31551377392279145
0.00938448064087821
0.04743812912237367
0.05233755926638608
0.0810533602688602
0.026006300071552996
0.0432515608543149
0.044153035239048864
0.009999999998771837
0.16255303671370985
0.0432515608543149
0.009999999998771823
0.13300000141067375
0.009999999998752673
0.33653998516236694
0.009999999998771823
0.04207619101906775
0.11258734605322318
0.11083333325140922
0.04083333332528221
0.011666666664922554
0.023333333329657206
0.17499999971448874
0.034999999990516
0.008583853624579675
0.023333333329657206
0.1734483714496129
0.018449802893107246
0.17500000140776847
0.011666666664954842
0.011666666665035663
0.01399999999454255
0.17281917029160998
0.03280680465197174
0.006290605495227012
0.20921906569145565
0.023959465539194796
0.03276896127890533
0.020935700346365674
0.04575156085362418
0.025619111192090562
0.17513604270203842
0.024243300236772573
0.021228573079501524
0.1681142862555572
0.004407097396748556
0.010614286539857897
0.18667495518410165
0.03500000108503486
0.023333333329619812
0.023333333325731
0.1516666663848978
0.05833333455918777
0.04666666782721416
