0.15802474733846048
0.23529411763321803
0.2791881674335416
0.3333333332962964
0.22062422559099293
0.20418925508170324
0.11809163815573087
0.06375038006777031
0.30318287924494164
0.22222222219753096
0.08333333332638898
0.3715190997867868
0.485224527673062
0.13381535709629383
0.4166666666319445
0.05329324867546693
0.15570161190539838
0.5999999998800002
0.09917933289328028
0.20980356832160754
0.21021682346647663
0.38461538458579886
0.23076923075147937
0.2281853861859998
0.13406400915350244
0.10209462754085165
0.17113903963949986
0.11111111109876555
0.5384615384201185
0.24561922587427085
0.42736665161532034
0.12130613191826554
0.08897082252654083
0.13381535709629383
0.6458464806035339
0.11031211279549655
0.28523173273249974
0.6227957576857852
0.3032653297805006
0.4295557991369689
0.22779039802346743
0.23076923075147937
0.18321292100672532
0.1861254449556944
0.25277961028090523
0.32450032622566877
0.1718223196547876
0.5154669589643626
0.3999999999600001
0.2999999999700001
0.2999999999700001
0.27590958080960454
0.24999999997916675
0.09090909090082655
0.03718836001234224
0.1090127171918026
0.14816364410671093
0.4999999998750002
0.3662639285962549
0.12124938444448598
0.2508356340757778
0.36363636360330587
0.7499999999375001
0.08591115982739385
0.22222222219753096
0.3977063629402297
0.24999999993750016
0.4014460712888814
0.2982797722051723
0.1999999999800001
0.14816364410671093
0.2982797722051723
0.09999999999000012
0.4944304725679279
0.2797380910954767
0.7499999998125003
0.23884377011164867
0.06131324017480271
0.49123845174854164
0.32206169694024794
0.28571428569387763
0.4937810061038948
0.08897082252654083
0.31453027481914925
0.10108844325174288
0.2361832763114617
0.2388437701381868
0.1428571428163267
0.26666666664888894
0.4971329536752872
0.05104731377042585
0.5338249351592445
0.5429024507129954
0.05750811255247119
0.36363636360330587
0.15159143962247085
0.4867504892979407
0.4999999999500001
0.13841825210153746
0.555555555432099
0.03949329236436831
0.23076923075147937
0.18223231841877396
0.07692307691715985
0.2300111036189957
0.09090909089256209
0.2499999999583334
0.3296203150452853
0.18181818180165296
0.12124938444448598
0.32206169694024794
0.7499999998125003
0.4999999999375001
0.24999999993750016
0.22738715943370624
0.36363636360330587
0.08591115982739385
0.3542749144671925
0.07581633244512521
0.10735389898008273
0.4543004567159363
0.33203662404227063
0.33203662404227063
0.12033631845811635
0.24999999997916675
0.30628388262255485
0.033059777631093454
0.4999999999583334
0.08333333332638898
0.09999999999000012
0.1809674835709985
0.05493671917421426
0.1194218850558244
0.18187407666672895
0.07692307691715985
0.091116159209387
0.4971329536752872
0.3032653297805006
0.4999999999000002
0.09306272247784726
0.4953587997157158
0.12499999998437514
0.12499999998437514
0.24999999993750016
0.1999999999800001
0.4444444443456792
0.2172991041811062
0.3749999999062502
0.4548979947086589
0.2897321389081416
0.14486606945407082
0.3333333332962964
0.3749999999062502
0.2424987688889719
0.4999999999375001
0.21487859753770341
0.35294117644982703
0.4043537730069712
0.2963272882134218
0.08187307529142368
0.11409269309299992
0.4999999999000002
0.15766261759985747
0.2857142856326532
0.1861254449556944
0.40406225403723417
0.06062469222224302
0.09999999999000012
0.05800083565626237
0.49123845174854164
0.3790816622256258
0.0439328563379769
0.3032653298057726
0.11847987709310484
0.518572754373488
0.4166666666319445
0.3999999999200002
0.13381535709629383
0.3749999999062502
0.5338249351592445
0.2791881674335416
0.0519005373017995
0.12383969992892904
0.20072303564444072
0.0519005373017995
0.3226960696265208
0.0161619946386802
0.555555555432099
0.3187519003388513
0.09306272247784726
0.1912511402033108
0.1718223196547876
0.09999999999000012
0.09999999999000012
0.27272727267768604
0.16666666665277785
0.3462198648135684
0.14875344004936883
0.357142857117347
0.0581150813000968
0.37897859905617703
0.4953587997157158
0.33333333330555565
0.34364463930957506
0.7499999998750001
0.2424987688889719
0.20217688650348561
0.1947001957191763
0.4014460712888814
0.34364463930957506
0.2010960137704727
0.3749999999062502
0.47768754027637356
0.4999999999642858
0.22222222219753096
0.30769230766863914
0.21368332580766022
0.37040911026677725
0.29172443964208594
0.28851655401130705
0.41797659776504775
0.17794164505308155
0.2424987688889719
0.27272727270247943
0.33333333331111115
0.2797380910954767
0.22744899733537546
0.22744899733537546
0.4999999999500001
0.09942659073505752
0.4083785101634065
0.5573021303224358
0.07961459004606233
0.08786571267595374
0.34227807927899967
0.2676307141925876
0.38940039143835253
0.5841005871575288
0.03474172559982022
0.1048342590814591
0.20541517403426068
0.10209462754085165
0.24902746803170303
0.09735009785958822
0.30312346111121485
0.2145963406475753
0.4448541126327038
0.22222222217283966
0.10658649735093384
0.22222222219753096
0.12641979787076837
0.10421550489357331
0.17310993240678427
0.2669124675796223
0.11764705881660904
0.11764705881660904
0.2744058179921321
0.22992465067467047
0.18223231841877396
0.38455703421949944
0.24999999997916675
0.33333333330555565
0.1947001957191763
0.23076923073372793
0.18195919787739828
0.091116159209387
0.031479267129100603
0.40337008703315097
0.2084310097871466
0.11111111109876555
0.2196642816898843
0.14875344004936883
0.18223231841877396
0.355883290106163
0.31845836018424906
0.32749230116569444
0.25773347948218134
0.4867504892979407
0.22222222219753096
0.3999999999600001
0.2849690614610979
0.355883290106163
0.07142857142346946
0.4653136123892359
0.32749230116569444
0.4999999999166667
0.12638980514045262
0.2010960137704727
0.33453839274073455
0.21470779796016531
0.07408182205335552
0.21470779796016531
0.15766261759985747
0.4152547563046123
0.27272727270247943
0.16262786386371414
0.20072303564444072
0.388888888867284
0.27777777776234575
0.2755471557196675
0.40219202754094535
0.47768754027637356
0.14285714284693884
0.25277961028090523
0.1317985690139306
0.11156508003702664
0.14285714284693884
0.2361832763114617
0.0519005373017995
0.3393994081152494
0.18181818178512404
0.7579571981123541
0.32749230116569444
0.04931939276859362
0.10826822654598292
0.0519005373017995
0.26381659047031797
0.1988531814701149
0.1635019738176407
3.305977763109342e-17
0.17794164505308155
0.3153252351997149
0.22222222219753096
0.31845836018424906
0.11031211279549655
0.3749999999062502
0.4444444443950618
0.18181818180165296
0.08591115982739385
0.06703200459015762
0.1646434907952793
0.1809674835709985
0.355883290106163
0.27145122535649774
0.35143642261961205
0.44449093232013265
0.07162619917923453
0.44449093232013265
0.2857142856326532
0.08986579278749814
0.1317985690139306
0.402192027460507
0.13986904554773838
0.06062469222224302
0.1861254449556944
0.142484530730549
0.2791881674335416
0.16134803481326043
0.2388437701381868
0.16666666665277785
0.17647058822491354
0.07581633244512521
0.2300111036189957
0.6666666665185187
0.11764705881660904
0.45454545446281003
0.3527007186456392
0.30628388262255485
0.16666666665277785
0.20418925508170324
0.20217688650348561
0.1999999999800001
0.06131324017480271
0.2849690614610979
0.28851655401130705
0.32450032622566877
0.08067401740663026
0.25773347948218134
0.3226960696265208
0.18710139698137676
0.2434893504578901
0.2791881674335416
0.24902746803170303
0.26666666664888894
0.19999999998666673
0.12124938444448598
0.26666666664888894
0.04058155840964839
0.15797316945747314
0.10510841173323833
0.30628388262255485
0.4152547563046123
0.555555555432099
0.5055592205618105
0.18223231841877396
0.33203662404227063
0.42151147540322326
0.06319490257022636
0.33093633838648934
0.25277961028090523
0.1718223196547876
0.5338249351592445
0.2797380910954767
0.22744899733537546
0.12499999998437514
0.27272727270247943
0.38461538458579886
0.491238451650294
0.7999999996800004
0.2499999999687501
0.23096304013088428
0.2420220522198906
0.23695975418620965
0.1538461538343196
0.04931939276859362
0.16134803481326043
0.36363636357024803
0.18181818180165296
0.24999999997916675
0.46002220723799137
0.21162043118738352
0.09048374178549932
0.22222222217283966
0.09999999999000012
0.36363636357024803
0.1999999999800001
0.5555555554938273
0.41960713664321503
0.3582656552271838
0.30668147149199426
0.14285714283673484
0.18187407666672895
0.2424987688889719
0.3894003914708025
0.4412484511819858
0.27272727270247943
0.18181818180165296
0.22062422559099293
0.34364463930957506
0.5429024507129954
0.22738715943370624
0.25277961028090523
0.3333333332962964
0.2982797722051723
0.29999999994000015
0.6666666665925927
0.242612263836531
0.1809674835709985
0.29999999994000015
0.09999999999000012
0.4150457800528383
0.22744899733537546
0.08067401740663026
0.4999999999375001
0.09306272247784726
0.09306272247784726
0.5307143271158761
0.06062469222224302
0.27272727270247943
0.33333333327777787
0.4999999999500001
0.21021682346647663
0.36363636357024803
0.2768365042030749
0.09999999999000012
0.32749230116569444
0.36363636357024803
0.09999999998000014
0.4545454545041323
0.09048374178549932
0.5731115270399652
0.09999999998000014
0.2300111036189957
0.46002220723799137
0.33333333330555565
0.24999999997916675
0.09999999999000012
0.18181818180165296
0.4444444443950618
0.1999999999800001
0.09300585761284026
0.18181818180165296
0.4448541126327038
0.14795817830578073
0.4999999999583334
0.11031211279549655
0.24999999993750016
0.06131324017480271
0.4412484511819858
0.2920502935787644
0.0439328563379769
0.5515605639774822
0.24999999993750016
0.24902746803170303
0.1861254449556944
0.32749230116569444
0.2010960137704727
0.2791881674335416
0.142484530730549
0.142484530730549
0.2982797722051723
0.10380107460359893
0.15922918009212458
0.38461538458579886
0.23076923075147937
0.1538461538343196
0.1538461538343196
0.1538461538343196
0.38461538458579886
0.30769230766863914
