0.1001128523703652
7.673765248984915e-10
0.034820886327625186
1.2917928565355979e-09
1.055522996661232e-09
0.030643211136825447
5.649807470275366e-10
4.2799862285852043e-10
1.0061061442121273e-09
1.0548139962903254e-09
5.509127918246871e-10
0.046336578162098505
0.07235735881468734
6.402070595067931e-10
1.231559269396814e-09
2.612788975313968e-10
6.232297178953775e-10
0.08947749675135414
4.051936266605389e-10
8.28014814144818e-10
0.0321274994588972
0.05063697228074233
8.775753174516683e-10
7.657975362125106e-10
9.488868225639333e-10
4.846087893964665e-10
0.020960168414319198
7.459626512657273e-10
0.0734065467642566
0.029895823361341275
0.05138450063627943
5.722277067861076e-10
5.973201959810864e-10
6.402070595067931e-10
0.3477186506957968
7.464661319792465e-10
0.03828536781485187
0.09990483714484241
0.032420430855616855
0.04107339449546342
0.14902489338862873
8.775753174516683e-10
6.967269284130666e-10
8.997186833000622e-10
0.026511751826162916
9.59139323325158e-10
8.220421363496436e-10
0.06365904765829347
1.3340884208139611e-09
1.1554032264668598e-09
1.1554032264668598e-09
0.04173044556056818
9.540296977066519e-10
6.034995686397769e-10
2.5787896380024843e-10
0.011490950498815445
6.989204993642208e-10
0.07559290122788712
0.13717019133473904
5.86111891092075e-10
0.02119948218314625
0.05396135085701644
0.6417608217488864
5.813484081217199e-10
1.0548139962903254e-09
1.334715416996116e-09
1.196064250843136e-09
0.0495555828393776
1.1559470370795592e-09
9.43443991956556e-10
6.989204993642208e-10
0.0365316661421897
6.672005941737563e-10
0.3204991581832144
0.042752455403437646
0.11338935001259111
1.17097077937644e-09
4.251705328835778e-10
0.042279078127973956
1.2710549123090377e-09
0.02964997553795949
0.06755057383501047
5.973201959810864e-10
0.20371868673320626
7.00987701240063e-10
0.02524905693786674
0.029252271470920875
9.76735714476267e-10
8.733444605543144e-10
0.047162177570807706
3.427145057197021e-10
0.06537994023955515
0.2913712336717013
2.2463050603084125e-10
1.206719787711579e-09
7.114997058598097e-10
0.3083692946644423
0.04714045656390513
6.496708910552114e-10
0.34376585596315007
2.7002156401886836e-10
8.775753174516683e-10
6.228187410405205e-10
5.067627451450763e-10
8.777496946923612e-10
6.034995685849134e-10
0.030151137641722687
8.893644824251961e-10
8.533699738851583e-10
5.86111891092075e-10
1.2710549123090377e-09
0.1134351118607919
0.07559290123733621
1.196064250843136e-09
0.027537955493509264
0.05396135085701644
5.813484081217199e-10
0.19814439858155963
5.130381694899032e-10
7.339947107645806e-10
0.21405017801711293
1.1018567024112536e-09
1.1018567024112536e-09
0.0145734534447997
9.540296977066519e-10
0.03751196436005371
2.3399260956846383e-10
0.06032763077540488
5.509127918246871e-10
6.672005941737563e-10
8.536634256581423e-10
3.631840960377272e-10
8.281191201507012e-10
0.02268368537166418
5.067627451450763e-10
4.4044977735710926e-10
0.0667279120804971
0.04587207490103144
1.491510392645571e-09
6.362837932953416e-10
0.05350487132083477
8.458569428247925e-10
8.458569428247925e-10
1.196064250843136e-09
9.43443991956556e-10
0.04714045689288048
8.697871379776872e-10
0.046291010177116156
0.2592269483906161
1.004296341644694e-09
7.102296793194088e-10
0.0408248335313446
1.464774898735338e-09
0.037061158749295345
0.053452253963599775
9.067741073716323e-10
9.397918761293117e-10
1.4016084528678387e-09
0.031235641932652408
5.462576448673308e-10
5.415595630304609e-10
0.06669669160710641
6.222343311597839e-10
1.3811248694697285e-09
8.997186833000622e-10
0.2124699750061022
4.1450011462660236e-10
6.672005941737563e-10
2.2890721802474746e-10
0.26364359476545446
0.036247143420881645
3.0464799914442637e-10
0.03657517767676697
4.675949708384656e-10
0.2750576581941606
0.03892495082818593
0.042163706373081186
6.402070595067931e-10
0.046291010177116156
0.3198373703467272
1.1018494128496098e-09
3.5989908604795246e-10
8.467106047761795e-10
0.03505970103295081
3.5989908604795246e-10
0.034855162946565
1.1207373567924961e-10
0.0745356052995005
0.04278462858689299
6.362837932953416e-10
7.41170570239127e-10
8.220421363496436e-10
6.672005941737563e-10
6.672005941737563e-10
1.0450935443117654e-09
7.790113845104362e-10
0.02964850057646213
0.016295124756718966
0.033149680242714294
0.00888174510600182
1.1248267554207542e-09
0.05350487132083477
0.0492595134195684
0.036737161071802235
0.40129910235518806
0.026192863500782683
9.912053651230754e-10
9.314957751603478e-10
0.30177854633389484
0.036737161071802235
7.744899438775428e-10
1.464774898735338e-09
0.2609987836202526
0.039223230329968696
1.0548139962903254e-09
0.045291085079502275
8.126005874749122e-10
0.03492250915030375
0.03819569797578992
0.027065254383301648
0.04668936151270727
8.446290198559675e-10
0.026192863500782683
1.045093544406774e-09
0.030860672802165808
0.03021517045056862
0.028076916941490497
8.884308856604506e-10
0.04714045656390513
6.67516709153491e-10
0.20144287099405078
0.08940475904744108
5.345055960911407e-10
4.3077607594509296e-10
0.04192033547832519
9.052888638601778e-10
1.3171875246660243e-09
0.43908519403177804
1.3906134676325638e-10
0.015732749179776354
0.11860953995910892
4.846087893964665e-10
0.030158727293119966
6.587540493559888e-10
0.1983092433555392
0.016943284577277166
0.042202570756939575
1.0548139961731242e-09
0.011675967097895241
1.0548139962903254e-09
0.013514846285319874
4.985937592717319e-10
0.0209646561660499
1.034386856933868e-09
5.426722037430005e-10
5.426722037430005e-10
0.03660392044295479
0.031091490070314358
0.02785061925515391
0.18118956390106877
0.030151137644235285
0.03481553461500203
9.314957751603478e-10
8.775753173841627e-10
0.022147370668363777
4.4044977735710926e-10
2.1828983009063852e-10
0.35568411416500284
0.03152738527537535
7.459626512657273e-10
0.02152261848312238
0.016295124756718966
0.02785061925515391
0.037747127024716866
1.0687565566384944e-09
1.0922592173364041e-09
0.031815314999135716
0.04654225343473787
1.0548139962903254e-09
0.04216370637729754
0.03022553646134264
0.037747127024716866
4.691685814013689e-10
0.06357394780138449
1.0922592173364041e-09
0.06030227341532219
5.932149559702491e-10
7.744899438775428e-10
0.045237851119994454
1.0378839783080694e-09
4.942743569641595e-10
1.0378839783080694e-09
6.222343311597839e-10
0.03556029602260257
1.045093544406774e-09
0.017142483753506146
0.024777792234990315
0.05241218276697638
0.025565501924779896
0.021755608039397304
0.04895325839741874
1.3088815329490928e-09
6.634232646654299e-10
8.388439336302297e-10
0.01667134883193456
0.014111992115509092
6.634232646654299e-10
0.02524905693786674
3.5989908604795246e-10
0.026703804893249392
8.533699738075792e-10
0.5136622238829172
1.0922592173364041e-09
3.490759540197654e-10
0.012104757180626084
3.5989908604795246e-10
8.688033100701487e-10
9.438890357017936e-10
5.487179122565292e-10
4.734679051607106e-17
8.446290198559675e-10
0.1820731173360058
1.0548139962903254e-09
1.0687565566384944e-09
7.464661319792465e-10
1.464774898735338e-09
1.4915699300026374e-09
8.533699738851583e-10
5.813484081217199e-10
4.472379329568345e-10
6.340987350021844e-10
8.536634256581423e-10
0.25657974927894417
0.04674951395148748
0.1680317072348922
0.2616531068242499
5.236661298412381e-10
0.2616531068242499
1.3811248694697285e-09
6.360578585836672e-10
5.275525666071699e-10
1.6431411813994902e-09
6.761181606555912e-10
4.1450011462660236e-10
8.997186833000622e-10
6.763260477876364e-10
1.1018494128496098e-09
7.799462425451567e-10
0.029252271470920875
7.790113845104362e-10
0.021004203412786714
5.130381694899032e-10
8.777496946923612e-10
0.3642531453527802
5.426722037430005e-10
1.3491128259167626e-09
1.0424924145771654e-09
0.16734730146137927
7.790113845104362e-10
0.0216575432534417
9.912053651230754e-10
9.43443991956556e-10
4.251705328835778e-10
9.563653869832686e-10
0.17285282726022472
9.59139323325158e-10
5.515803583769443e-10
1.0067240837429298e-09
0.034855162946565
7.075885095610135e-10
0.18303794079501676
1.1018494128496098e-09
0.030158727293119966
8.733444605543144e-10
7.563690286976012e-10
5.86111891092075e-10
0.027602625031098563
2.746095434859334e-10
0.017063054312989455
5.08087445168505e-10
0.16734730146137927
0.03556029602260257
0.07456971416728606
0.24172218208381496
0.01968334216145863
0.03482429838396899
0.05414413280118086
4.195190608931453e-10
1.2926593111176004e-09
8.388439336302297e-10
8.220421363496436e-10
0.046230599777185445
0.042752455403437646
8.884308856604506e-10
8.458569428247925e-10
0.03302891647994157
0.050659071830692445
0.0634186196430201
0.6899115774849522
1.196064250992644e-09
0.01962808587351547
0.030185456807131538
0.029554076238172237
7.16582305685514e-10
3.490759540197654e-10
7.799462425451567e-10
0.03813850735519949
8.533699738851583e-10
9.540296977066519e-10
0.05548076984521751
8.075687040443006e-10
6.037080628838689e-10
1.0548139961731242e-09
6.672005941737563e-10
1.206719787601877e-09
9.43443991956556e-10
0.09132484728781855
0.05233420902643914
0.030553000453336487
1.0134962356736798e-09
9.767357146158004e-10
7.17787743047897e-10
0.026192863500782683
0.033208179917755376
0.06674347515172381
1.045093544406774e-09
8.533699738851583e-10
1.055522996661232e-09
0.036737161071802235
0.08096258713281625
8.713497922314676e-10
0.026511751826162916
0.05776505186629258
0.05169043954203651
0.03651484111101148
0.0816853639722314
0.0255735806423947
8.536634256581423e-10
1.1554032263513198e-09
6.672005941737563e-10
0.055086531467282596
8.884308856604506e-10
5.515803583769443e-10
0.07563026562993376
6.362837932953416e-10
6.362837932953416e-10
0.3586381923575721
4.1450011462660236e-10
0.03302891647994157
0.03481553461210074
0.06666667199890543
0.02270601450000168
1.206719787601877e-09
0.029034860397554953
6.672005941737563e-10
0.048842918388396286
1.206719787601877e-09
6.672005941070363e-10
0.04264014727711489
6.037080628838689e-10
0.4540270453761917
6.672005941070363e-10
8.777496946923612e-10
0.05550409973810599
1.1015731628200419e-09
9.540296977066519e-10
6.672005941737563e-10
8.533699738851583e-10
1.4915699300026374e-09
9.43443991956556e-10
4.347157314755813e-10
8.533699738851583e-10
0.059710759258561355
0.019101321163939148
0.060302273420347385
7.464661319792465e-10
1.196064250843136e-09
4.251705328835778e-10
0.06674347515172381
0.036051474975104435
3.0464799914442637e-10
0.0527392824818174
1.196064250843136e-09
9.542756638930412e-10
8.997186833000622e-10
1.0922592173364041e-09
7.744899438775428e-10
0.034820886327625186
6.763260477876364e-10
6.763260477876364e-10
1.1559470370795592e-09
5.089018029311379e-10
7.558072550895047e-10
0.050659071830692445
0.027735012718020754
7.16582305685514e-10
7.16582305685514e-10
7.16582305685514e-10
0.03580574700434389
0.032025633884355496
