0.09242683476463391
5.144201220579896e-13
5.035983349060022e-09
9.980099402512292e-13
9.218141453123176e-13
1.852859347831317e-05
4.934115562488833e-13
4.350907406802133e-13
7.028636269962676e-13
9.018037816335524e-13
5.386366368312954e-13
6.701444468735928e-09
3.044616659528587e-05
5.591085416887175e-13
8.054496384067745e-13
2.454569443115982e-13
5.290878552050975e-13
4.3472087184946525e-05
3.696195504760969e-13
6.729768853183309e-13
2.043657875358837e-05
4.913270547713079e-09
6.466227686450042e-13
5.506046773999557e-13
1.138903415829333e-12
4.143119454496752e-13
2.8814110164022402e-09
7.583235672378979e-13
3.3260249502635095e-05
4.044024547210211e-09
2.6776802955365788e-05
4.813961623101862e-13
6.072180437332154e-13
5.591085416887175e-13
0.31149022183972286
7.751502103232947e-13
2.1893989152920483e-05
4.417068925072615e-05
4.236824124694239e-09
5.0763873103497596e-09
0.13863533662272265
6.466227686450042e-13
5.133684670487541e-13
8.092104279933771e-13
3.2954022675447666e-09
6.272848090635023e-13
7.179095782155307e-13
3.553101060367413e-05
9.43859526710092e-13
8.783602618662196e-13
8.783602618662196e-13
2.1047296726289376e-05
7.08885680157797e-13
5.960994272631735e-13
2.880597979807302e-13
1.4465203145729653e-09
5.879786004133822e-13
8.307018472056666e-09
0.11886208709395493
5.271512785563079e-13
2.3069122810074833e-09
3.1702331381849935e-05
0.6175637907331947
6.036875907977461e-13
9.018037816335524e-13
9.596538469300547e-13
1.0445522727757714e-12
4.920779896816785e-09
8.930585330091313e-13
7.93688092513584e-13
5.879786004133822e-13
5.022037189249042e-09
6.674094718242315e-13
0.3043955475155288
2.71952046214934e-05
1.0173978270206596e-08
1.1000617045598687e-12
4.749303161644116e-13
4.80918276478804e-09
1.0330619227359553e-12
3.592143420053192e-09
3.0865143453016816e-05
6.072180437332154e-13
0.1919924279225798
7.830277143606023e-13
3.2996419460476928e-09
4.021333016270904e-09
1.0445522727244761e-12
5.911245882681416e-13
5.706135913544768e-09
3.483934297254244e-13
6.355357418441154e-09
0.26305014334473137
1.77276365611611e-13
8.430118945584141e-13
5.910355043533853e-13
0.28469469373418815
5.612222323633712e-09
5.396749423733244e-13
0.3155984538331778
2.8876965815851716e-13
6.466227686450042e-13
4.710951416425607e-13
4.91327054771308e-13
6.522063105855395e-13
5.960994272089826e-13
3.98635712755178e-09
5.557476925946357e-13
7.088856801504128e-13
5.271512785563079e-13
1.0330619227359553e-12
5.721248422925795e-05
8.307018473095043e-09
1.0445522727757714e-12
3.678208851074398e-09
3.1702331381849935e-05
6.036875907977461e-13
0.18072883255405656
5.327524290077678e-13
7.849573143826273e-13
0.18990420962184798
7.697547646857773e-13
7.697547646857773e-13
1.9465571968121426e-09
7.08885680157797e-13
3.646408058839633e-09
2.8085012456623856e-13
3.170233138218017e-05
5.386366368312954e-13
6.674094718242315e-13
7.181586842840614e-13
3.550911558841198e-13
9.250379439222845e-13
3.280636246653751e-09
4.91327054771308e-13
3.9614221585067024e-13
3.8159230710608426e-05
2.8333350572794882e-05
9.98009940168062e-13
6.804621480855548e-13
7.201170725888819e-09
8.783602618320613e-13
8.783602618320613e-13
1.0445522727757714e-12
7.93688092513584e-13
6.030725358915047e-09
7.38401584686384e-13
6.500593258499926e-09
0.23549928334313425
7.934641405148429e-13
6.672211513913011e-13
5.612222323540175e-09
1.1559871144628244e-12
2.3574921865556637e-05
6.985342055472008e-09
9.579865254090092e-13
5.692994482116097e-13
1.1073684133627694e-12
3.932049885600551e-09
5.464286594233884e-13
4.630014994475507e-13
3.753119267926982e-05
5.057268480812565e-13
1.2421889947162098e-12
8.092104279933771e-13
0.19549391409977263
4.432796204344116e-13
6.674094718242315e-13
1.8604651025752755e-13
0.2380176125180358
4.47989607770341e-09
3.4030244187250996e-13
3.419353176569618e-09
3.800422428315991e-13
0.24051990740185294
4.5293761703575315e-09
5.307712169906119e-09
5.591085416887175e-13
6.500593258499926e-09
0.28422022417883996
8.955385498932293e-13
4.0201983322969583e-13
9.054992803586729e-13
2.326893148582994e-05
4.0201983322969583e-13
4.69112387079324e-09
1.251902721453362e-13
7.583235671536399e-09
2.4466950369216167e-05
6.804621480855548e-13
5.726116170854804e-13
7.179095782155307e-13
6.674094718242315e-13
6.674094718242315e-13
7.845109652856079e-13
6.40550520920913e-13
3.3300437127323496e-09
2.2908552546862476e-09
3.7982292265213524e-09
5.649754459114533e-06
7.431878013034609e-13
7.201170725888819e-09
2.8646290156041263e-05
4.800950702813486e-09
0.3417233407045329
3.525273067904562e-09
9.311821291619466e-13
8.134981279967864e-13
0.2896204681979632
4.800950702813486e-09
5.887824911111624e-13
1.1559871144628244e-12
0.23668206572411765
4.131551590773095e-09
9.018037816335524e-13
4.6466843932620825e-09
5.987475162831515e-13
4.15763655544878e-09
3.658121245704427e-09
3.1816662630555925e-09
2.3608210637597474e-05
7.22108017965573e-13
3.525273067904562e-09
7.84510965356927e-13
3.514847831107641e-09
4.066631608581186e-09
3.9428091176014585e-09
7.011416271544406e-13
5.612222323633712e-09
6.785777427559989e-13
0.1752326180874565
4.700420726661553e-05
5.433625794115885e-13
4.046900851275887e-13
4.0749305381672925e-09
6.648958558350182e-13
9.674177618551726e-13
0.4213952947257403
1.180554578645027e-13
9.512897083361618e-06
0.10903981728666444
4.143119454496752e-13
4.028261927173181e-09
6.840676596481053e-13
0.18448373344107635
1.8124912467325015e-09
5.10607476252634e-09
9.018037815333522e-13
1.6414695179751885e-09
9.018037816335524e-13
1.766171061642669e-09
4.3543417008908437e-13
2.8002218206748027e-09
7.991438875531345e-13
4.3257403657294177e-13
4.3257403657294177e-13
2.0597555258870214e-05
3.2313068222958923e-09
1.771601846798987e-05
0.16075044292469062
3.986357127883976e-09
4.283619507134575e-09
8.134981279967864e-13
6.466227685952641e-13
2.9958870694574585e-09
3.9614221585067024e-13
2.438373546663704e-13
0.34718201105173646
1.947320808090797e-05
7.583235672378979e-13
2.861591034726792e-09
2.2908552546862476e-09
1.771601846798987e-05
4.82902736160217e-09
7.684307290898962e-13
7.727668210259047e-13
4.46778805234787e-09
5.752300427890898e-09
9.018037816335524e-13
5.3077121704368895e-09
3.866782828143528e-09
4.82902736160217e-09
4.516881220590475e-13
6.804621480855548e-09
7.727668210259047e-13
5.63756031424638e-09
4.927775764406712e-13
5.887824911111624e-13
4.701523684437745e-09
9.334768232372482e-13
4.944290973335094e-13
9.334768232372482e-13
5.057268480812565e-13
3.994041448658625e-09
7.84510965356927e-13
2.157954730919768e-09
3.4795168337655885e-09
2.312446301793853e-05
2.8724953479163113e-09
2.327284828328585e-09
4.682414807912537e-09
8.504083944259239e-13
5.371507285148366e-13
5.860146000170434e-13
2.5185198555658006e-09
2.1318810315106e-09
5.371507285148366e-13
3.2996419460476928e-09
4.0201983322969583e-13
2.8327065190735404e-09
7.088856800859686e-13
0.4758015943393166
7.727668210259047e-13
4.1897915216354195e-13
1.8286505556492284e-09
4.0201983322969583e-13
5.957597261493858e-13
8.0696947976792e-13
3.9452549110544876e-13
4.994299938230085e-17
7.22108017965573e-13
0.16738299005270538
9.018037816335524e-13
7.684307290898962e-13
7.751502103232947e-13
1.1559871144628244e-12
1.0724314734549807e-12
7.088856801504128e-13
6.036875907977461e-13
4.473779478331029e-13
4.82054332346572e-13
7.181586842840614e-13
0.2389997676545937
2.988826672203355e-05
0.14488157740036442
0.23142716250772802
7.279123483791415e-13
0.23142716250772802
1.2421889947162098e-12
7.634297901288654e-13
4.478632002926864e-13
1.4988811888358111e-12
6.081032619567567e-13
4.432796204344116e-13
8.092104279933771e-13
5.782188989311567e-13
8.955385498932293e-13
7.014866362748444e-13
4.021333016270904e-09
6.40550520920913e-13
2.69205088078134e-09
5.327524290077678e-13
6.522063105855395e-13
0.33031643171962105
4.3257403657294177e-13
8.913765519636197e-13
6.817983991742714e-13
0.15175589883539384
6.40550520920913e-13
2.7706709675539056e-09
9.311821291619466e-13
7.93688092513584e-13
4.749303161644116e-13
6.876220286379707e-13
0.1574680449465201
6.272848090635023e-13
5.898775977919029e-13
7.944975501908116e-13
4.69112387079324e-09
5.146255864180729e-13
0.1756636936423924
8.955385498932293e-13
4.028261927173181e-09
5.911245882681416e-13
5.501034141770605e-13
5.271512785563079e-13
3.324137843193063e-09
2.851618261976597e-13
2.296500564895361e-09
4.569757932055151e-13
0.15175589883539384
3.994041448658625e-09
4.264366796762506e-05
0.20841953943850072
2.649162662420129e-09
4.328649144449854e-09
4.3001501049739895e-09
4.1437489754637377e-13
1.0201550479411466e-12
5.860146000170434e-13
7.179095782155307e-13
5.344197270823268e-09
2.71952046214934e-05
7.011416271544406e-13
8.783602618320613e-13
4.411629358851744e-09
2.7629350708196858e-05
1.0294994182935423e-08
0.6687403046281203
1.0445522729063402e-12
2.1639293683678935e-09
4.365582668810038e-09
3.0223647141895023e-09
5.84289629327371e-13
4.1897915216354195e-13
7.014866362748444e-13
4.740604258941092e-09
7.088856801504128e-13
7.08885680157797e-13
5.186805879258314e-09
6.000587732402233e-13
6.038970631977915e-13
9.018037815333522e-13
6.674094718242315e-13
8.430118944817767e-13
7.93688092513584e-13
4.719297633471806e-05
5.351988180304889e-09
3.3967913826318643e-09
7.00841290700787e-13
1.0445522728736978e-12
5.833887889251737e-13
3.525273067904562e-09
3.6919863091613874e-09
4.122478183078424e-05
7.84510965356927e-13
7.088856801504128e-13
9.218141453123176e-13
4.800950702813486e-09
3.933517112506113e-05
6.540883065688524e-13
3.2954022675447666e-09
3.7531192682397405e-05
3.3584386815413375e-05
4.939382736029984e-09
4.463236137244506e-05
3.2192901639779317e-09
7.181586842840614e-13
8.783602617783837e-13
6.674094718242315e-13
3.060817163417839e-05
7.011416271544406e-13
5.898775977919029e-13
4.671379776540978e-05
6.804621480855548e-13
6.804621480855548e-13
0.3410772548546392
4.432796204344116e-13
4.411629358851744e-09
4.283619506777607e-09
6.674094718242314e-09
3.0559813131509856e-09
8.430118944817767e-13
3.6090238555087007e-09
6.674094718242315e-13
2.9060692973845576e-05
8.430118944817767e-13
6.674094717574907e-13
5.01257871520395e-09
6.038970631977915e-13
0.4398917246617595
6.674094717574907e-13
6.522063105855395e-13
2.916755291647215e-05
7.61747236997849e-13
7.08885680157797e-13
6.674094718242315e-13
7.088856801504128e-13
1.0724314734549807e-12
7.93688092513584e-13
3.574497032853939e-13
7.088856801504128e-13
3.414637993924277e-05
3.1007926595699404e-09
5.637560314716176e-09
7.751502103232947e-13
1.0445522727757714e-12
4.749303161644116e-13
4.122478183078424e-05
5.062667120148438e-09
3.4030244187250996e-13
6.518210331440214e-09
1.0445522727757714e-12
7.163375243335776e-13
8.092104279933771e-13
7.727668210259047e-13
5.887824911111624e-13
5.035983349060022e-09
5.782188989311567e-13
5.782188989311567e-13
8.930585330091313e-13
4.780848460489616e-13
6.46170645462492e-13
2.7629350708196858e-05
3.636227046180843e-09
5.84289629327371e-13
5.84289629327371e-13
5.84289629327371e-13
4.131551590743584e-09
3.9073802491094676e-09
