0.11300710422063119
9.934208620967146e-12
1.5806696453594544e-06
1.812300621442555e-11
1.599349684745656e-11
0.11546097477943236
8.560701969583568e-12
7.209665388356301e-12
1.3279415683034183e-11
1.5831904191216705e-11
9.116091792381157e-12
2.103416377214603e-06
0.21484500095964912
9.700546193999753e-12
1.558829769266863e-11
4.083911914131739e-12
9.105485501240317e-12
0.29240177375928683
6.089663106177614e-12
1.1878373463409955e-11
0.12378340226536538
1.7995375176065113e-06
1.2046697091948716e-11
1.0241105267850338e-11
1.7122419125424403e-11
7.273585628299402e-12
9.304661637786275e-07
1.2565790683898575e-11
0.23044502516602136
1.3174597512989259e-06
0.1770709781126486
8.526129513336405e-12
1.006189859670318e-11
9.700546193999753e-12
0.40235692275564333
1.2694046860151317e-11
0.13899318276227918
0.30553850314880043
1.3849252399077172e-06
1.690505072153438e-06
0.16671094083063745
1.2046697091948716e-11
9.564145772432007e-12
1.3808421233876735e-11
1.1071751576063066e-06
1.2140178448788826e-11
1.2455747868849214e-11
0.22633595951610924
1.771097615105926e-11
1.6091489741624346e-11
1.6091489741624346e-11
0.13868088162019432
1.3147679470444613e-11
1.0033557297469764e-11
4.52374234940748e-12
4.826804086348136e-07
1.041383810401991e-11
2.876847912547651e-06
0.15825551485114733
8.99534491458848e-12
8.153150194742752e-07
0.20067114594939506
0.6891333565196931
9.886133635030955e-12
1.5831904191216705e-11
1.784931452728886e-11
1.8123006211824564e-11
1.7627062250836376e-06
1.621717849773723e-11
1.4057211086787582e-11
1.041383810401991e-11
1.6217178497737226e-06
1.1157215833452826e-11
0.33932054595651984
0.16472008323605364
3.769737204628542e-06
1.830282338978762e-11
7.45839023463508e-12
1.659895273050781e-06
1.8234051713799315e-11
1.2234957142108993e-06
0.21289528381102354
1.006189859670318e-11
0.21955669140930764
1.2296806625024978e-11
1.0785808613354833e-06
1.298570139291641e-06
1.6823908652138962e-11
1.1357928090171905e-11
1.922759120544058e-06
5.773048738971626e-12
2.3035997261547003e-06
0.3333449548486101
3.1814505119270743e-12
1.5927279408986703e-11
1.0539879212385735e-11
0.3480863864678241
1.9078570707084714e-06
9.623971258357943e-12
0.39044833271683455
4.6510208031013055e-12
1.2046697091948716e-11
8.516811096114742e-12
8.35271324738965e-12
1.2096449061111148e-11
1.0033557296557623e-11
1.314767946934897e-06
1.0920346169986902e-11
1.2641490044408468e-11
8.99534491458848e-12
1.8234051713799315e-11
0.3769737204628541
2.8768479129072564e-06
1.8123006211824564e-11
1.2065149849209742e-06
0.20067114594939506
9.886133635030955e-12
0.2243538601517326
8.724482311452207e-12
1.2642785332855273e-11
0.24678466292862294
1.4543210235451378e-11
1.4543210235451378e-11
6.385038267399115e-07
1.3147679470444613e-11
1.321698222891073e-06
4.222336571665356e-12
0.2087064022232446
9.116091792381157e-12
1.1157215833452826e-11
1.2719490583283393e-11
6.00969809767364e-12
1.4526960551468522e-11
1.0297099440409112e-06
8.35271324738965e-12
6.759797446693489e-12
0.24225246898508118
0.17448964622904395
1.9078570705176867e-11
1.0959751196337978e-11
2.3151092838987057e-06
1.4384239564536296e-11
1.4384239564536296e-11
1.8123006211824564e-11
1.4057211086787582e-11
1.994694934821646e-06
1.2707728701972228e-11
2.0745663328558076e-06
0.28364341447629954
1.3986665224200814e-11
1.1101223545211703e-11
1.8123006214425544e-06
2.0745663328558084e-11
0.1427921998023453
2.2833557016507497e-06
1.4325239834255217e-11
1.1371830096917185e-11
1.951996377241417e-11
1.3120613837451996e-06
9.134755720662941e-12
8.128370637751349e-12
0.24037492833359989
8.926327936420623e-12
2.119679665233836e-11
1.3808421233876735e-11
0.23215851423868142
7.1396099901172735e-12
1.1157215833452826e-11
3.2838125329634525e-12
0.3016229882605299
1.4918654899789576e-06
5.344170129593827e-12
1.2658683181616593e-06
6.707932754763674e-12
0.3162254594156538
1.5588297692668627e-06
1.771097614928816e-06
9.700546193999753e-12
2.0745663328558076e-06
0.36567366286116254
1.5806696453594548e-11
6.3133910307212155e-12
1.4584274597955134e-11
0.13990608580043298
6.3133910307212155e-12
1.5081526099843698e-06
1.9660103208000916e-12
2.707217535406252e-06
0.1553275321619699
1.0959751196337978e-11
1.0398136808417067e-11
1.2455747868849214e-11
1.1157215833452826e-11
1.1157215833452826e-11
1.447089369961499e-11
1.14855559419949e-11
1.1572630916894606e-06
7.180993364282524e-07
1.3179708049006483e-06
0.0342202986784332
1.4304816905441143e-11
2.3151092838987057e-06
0.18232183584762293
1.5693258932146326e-06
0.49695114362110215
1.133342440895482e-06
1.54930055133557e-11
1.4114211429376907e-11
0.32030497807128805
1.5693258932146326e-06
1.0786448143309008e-11
2.0745663328558084e-11
0.2972983466803208
1.4743993654284733e-06
1.5831904191216705e-11
1.6705426494779285e-06
1.1154772632480028e-11
1.4133752802959467e-06
1.3490866768013062e-06
1.0890262641740317e-06
0.1574296539365684
1.2677197843894019e-11
1.133342440895482e-06
1.4470893700930525e-11
1.2234957142176963e-06
1.3073841670460053e-06
1.258288086484652e-06
1.2582880864846526e-11
1.9078570707084714e-06
1.1244363549562801e-11
0.23092194955886466
0.3444723248471614
9.00378246612934e-12
6.733232440494673e-12
1.4770229672030077e-06
1.2221922345297884e-11
1.7782792082538768e-11
0.46604099315319525
2.0317084381209585e-12
0.059279641031950915
0.13312931991606047
7.273585628299402e-12
1.3213383402362922e-06
1.1202457035347247e-11
0.22184428241125273
6.415249541322854e-07
1.7205604578262437e-06
1.5831904189457608e-11
5.14540658653104e-07
1.5831904191216705e-11
5.773227326116738e-07
7.554792972107344e-12
9.185203245759105e-07
1.4511768927571874e-11
7.884786607697402e-12
7.884786607697402e-12
0.13192055769474728
1.1400548824350598e-06
0.10730509577973182
0.20889870715236952
1.314767947044461e-06
1.447089370106451e-06
1.4114211429376907e-11
1.204669709102205e-11
9.759981887770488e-07
6.759797446693489e-12
3.829265226887163e-12
0.3719424176676462
0.11992486311325148
1.2565790683898575e-11
9.138402376553525e-07
7.180993364282524e-07
0.10730509577973182
1.5972268417203966e-06
1.4292613758426537e-11
1.4500520840452875e-11
1.4258271987125e-06
1.915593207412292e-06
1.5831904191216705e-11
1.7710976151059253e-06
1.278959273108206e-06
1.5972268417203966e-06
7.707540023952373e-12
2.3612068171508955e-06
1.4500520840452875e-11
2.0870640220585245e-06
8.787655049486543e-12
1.0786448143309008e-11
1.658770066136575e-06
1.5928911370166515e-11
8.265468780673866e-12
1.5928911370166515e-11
8.926327936420623e-12
1.3880168412017587e-06
1.4470893700930525e-11
7.200745546689953e-07
1.1104353388818029e-06
0.16247727569275502
1.0070310583185435e-06
8.237343465452923e-07
1.7122419129689139e-06
1.6360958532584563e-11
9.710891919084828e-12
1.107175157606307e-11
7.707627073056379e-07
6.524365459614361e-07
9.710891919084828e-12
1.0785808613354833e-06
6.3133910307212155e-12
1.007124849450454e-06
1.2641490043259242e-11
0.5472826064453591
1.4500520840452875e-11
6.2989859793643476e-12
5.487576862624406e-07
6.3133910307212155e-12
1.1368409272917358e-11
1.4167010328764803e-11
7.338072579296942e-12
4.222336571665357e-17
1.2677197843894019e-11
0.20436189445044736
1.5831904191216705e-11
1.4292613758426537e-11
1.2694046860151317e-11
2.0745663328558084e-11
1.994694935043279e-11
1.2641490044408468e-11
9.886133635030955e-12
7.478905430361774e-12
8.83119681140798e-12
1.2719490583283393e-11
0.2902353785514371
0.18344679828269583
0.19393866157007267
0.30038707061547226
9.932566546857675e-12
0.30038707061547226
2.119679665233836e-11
1.1477500776395998e-11
7.707627073056382e-12
2.4694801626266688e-11
1.037671501047699e-11
7.1396099901172735e-12
1.3808421233876735e-11
1.0151106477782254e-11
1.5806696453594548e-11
1.1970215198088877e-11
1.298570139291641e-06
1.14855559419949e-11
9.025827529324984e-07
8.724482311452207e-12
1.2096449061111148e-11
0.4149132665846075
7.884786607697402e-12
1.7157141636715995e-11
1.3195209117898922e-11
0.19062186940407144
1.14855559419949e-11
9.164143641307239e-07
1.54930055133557e-11
1.4057211086787582e-11
7.45839023463508e-12
1.2789592731082065e-11
0.1978892050765685
1.2140178448788826e-11
9.500766098866007e-12
1.4258271987125007e-11
1.5081526099843698e-06
9.653835710666831e-12
0.19427478965881892
1.5806696453594548e-11
1.3213383402362922e-06
1.1357928090171905e-11
1.0319362512278992e-11
8.99534491458848e-12
1.1357928090171902e-06
4.66987886511657e-12
7.383035315568988e-07
7.797865707086937e-12
0.19062186940407144
1.3880168412017587e-06
0.2707217535406251
0.2789906573977716
8.51681109611474e-07
1.4543210235451372e-06
1.6774031325801593e-06
6.974766434944302e-12
1.8307983629515338e-11
1.107175157606307e-11
1.2455747868849214e-11
1.8283683143058144e-06
0.16472008323605364
1.2582880864846526e-11
1.4384239564536296e-11
1.4470893700930521e-06
0.17995375176065107
3.016229881854037e-06
0.7368062993883281
1.8123006214089937e-11
7.595317127228325e-07
1.3702475823680683e-06
1.0648179511443793e-06
1.052375924412198e-11
6.2989859793643476e-12
1.1970215198088877e-11
1.5927279407538764e-06
1.2641490044408468e-11
1.3147679470444613e-11
1.9201915964687564e-06
1.1129270395523433e-11
1.0095466366201836e-11
1.5831904189457608e-11
1.1157215833452826e-11
1.592727940753877e-11
1.4057211086787582e-11
0.3098990470813996
1.8855742531488098e-06
1.1869368474332404e-06
1.3313864923249574e-11
1.6823908654542377e-11
1.0297099440409116e-11
1.133342440895482e-06
1.29008646600115e-06
0.25388093720302607
1.4470893700930525e-11
1.2641490044408468e-11
1.599349684745656e-11
1.5693258932146326e-06
0.26457606599748784
1.2065149849209745e-11
1.1071751576063066e-06
0.22833557016930328
0.20432364559201635
1.6091489740015195e-06
0.28768479129605307
1.0742250047982463e-06
1.2719490583283393e-11
1.60914897400152e-11
1.1157215833452826e-11
0.19738173032476272
1.2582880864846526e-11
9.500766098866007e-12
0.2876847912907256
1.0959751196337978e-11
1.0959751196337978e-11
0.3820903726861821
7.1396099901172735e-12
1.4470893700930521e-06
1.4470893699858601e-06
2.4037492835763743e-06
9.824695148612198e-07
1.592727940753877e-11
1.2125443971988419e-06
1.1157215833452826e-11
0.1826951144132586
1.592727940753877e-11
1.1157215832337106e-11
1.715714163827573e-06
1.0095466366201836e-11
0.47432165201392873
1.1157215832337106e-11
1.2096449061111148e-11
0.19201915964687558
1.4470893701064514e-11
1.3147679470444613e-11
1.1157215833452826e-11
1.2641490044408468e-11
1.994694935043279e-11
1.4057211086787582e-11
6.409343883807044e-12
1.2641490044408468e-11
0.21677703384320438
9.084709822110614e-07
2.0870640222324466e-06
1.2694046860151317e-11
1.8123006211824564e-11
7.45839023463508e-12
0.25388093720302607
1.6156738845616758e-06
5.344170129593827e-12
2.170651479684559e-06
1.8123006211824564e-11
1.3213383402362924e-11
1.3808421233876735e-11
1.4500520840452875e-11
1.0786448143309008e-11
1.5806696453594544e-06
1.0151106477782254e-11
1.0151106477782254e-11
1.621717849773723e-11
7.954374255823147e-12
1.1344055057750724e-11
0.17995375176065107
1.2046697091948714e-06
1.052375924412198e-11
1.052375924412198e-11
1.052375924412198e-11
1.4282938742524094e-06
1.3259105795695037e-06
