17
86
210
273
288
404
407
417
486
535
614
638
642
849
892
903
915
953
964
971
0
1
6
9
14
23
27
33
35
39
42
43
53
57
62
64
66
78
80
82
89
94
103
110
112
127
135
150
152
156
161
165
189
202
212
218
221
233
238
239
246
264
266
278
281
282
284
285
286
290
295
296
300
307
308
311
314
317
319
326
338
339
350
357
368
376
379
382
394
400
406
408
410
411
424
429
430
435
439
440
449
450
465
471
475
476
478
487
497
499
508
516
521
539
541
546
547
550
551
553
570
571
586
587
596
597
599
600
615
618
619
621
622
634
654
666
671
678
682
695
699
700
701
705
710
736
738
745
748
767
768
770
771
772
773
779
788
789
791
792
804
809
810
811
813
818
830
841
843
845
858
867
874
876
884
893
895
900
905
910
912
914
916
918
919
920
922
934
938
939
945
949
951
955
973
980
983
986
993
994
998
3
7
8
10
11
12
13
16
18
24
25
26
29
32
34
36
40
41
44
46
48
51
52
55
58
61
67
72
73
74
75
77
79
81
87
88
90
91
96
98
99
101
108
111
113
115
116
117
118
119
120
122
133
136
137
140
141
143
144
145
148
149
151
155
159
160
166
168
171
172
173
176
178
179
180
181
182
184
186
190
191
195
196
197
198
200
205
206
207
208
211
213
215
219
222
223
224
225
226
227
228
232
236
241
242
243
244
245
247
248
249
253
255
256
257
258
259
260
262
263
265
269
270
275
276
277
279
287
289
293
294
297
298
304
305
306
312
315
316
321
325
327
328
329
332
333
334
335
336
340
342
343
344
347
349
353
355
358
359
363
364
370
373
374
377
378
380
381
384
385
386
388
389
390
392
395
396
397
398
399
401
409
415
418
420
423
425
427
428
433
438
443
446
452
453
454
456
457
458
460
461
464
466
468
473
480
481
482
483
485
489
490
492
493
496
498
500
501
503
505
509
510
511
512
513
515
519
520
522
523
524
525
526
528
530
531
536
537
540
542
544
552
554
556
557
559
562
566
567
569
572
574
575
576
577
578
579
581
583
585
588
589
590
591
595
598
601
602
604
605
606
607
608
612
624
625
626
629
630
631
632
633
636
637
640
641
643
644
646
647
651
652
653
655
656
657
659
663
664
