0.9438530360814941
0.926121525079825
0.9852075941911692
0.8955234639764967
0.8793361786989128
0.8749660116815076
0.9693227879288662
0.8868724804298421
0.9465068303010855
0.7748335741582344
0.9147761921522701
0.9806954460419698
0.9298773167243959
0.9013196374371101
0.9723041105950225
0.7676847421804063
0.90371291808969
0.9423933427850943
0.7958745386117229
0.8768114889171736
0.9606036546989573
0.9631676280616369
0.8386429690504011
0.9612743546487862
0.7619779456313154
0.9395710461068494
0.8882565375355833
0.0
0.9565791155037621
0.969620081093363
0.9558582206099046
0.9487160995133984
0.581871785921696
0.9248294547300066
0.981069705554768
0.9388291164429098
0.9062658941621794
0.7920970331391184
0.9310339585709796
0.9343467863450389
0.9191654163915876
0.9535826051962513
0.9003688206074204
0.9500915771971683
0.9158201670033476
0.8638980842238081
0.8262802334258385
0.938858891720531
0.964497258728421
0.8050423500842445
0.9440383614337489
0.9484434252339935
0.8536083586213955
0.8335992251254447
0.878067536136487
0.9428052578630235
0.8775433884184987
0.92271268768532
0.9663551484953365
0.7963398794025098
0.947326454459891
0.9281364351137571
0.9848565765320227
0.8704786654976143
0.8577982465134296
0.9006422462015211
0.7947352299287576
0.9113968288566006
0.9006471725714134
0.6929156603391147
0.23444854904054163
0.9080368181327099
0.7999375430275198
0.9902488038466283
0.8634178805893333
0.9379117466987191
0.9517237505025155
0.4687067945003111
0.9694624572477002
0.9493593518325172
0.9509211595686984
0.9403531704067759
0.8672305732368144
0.9685914367122057
0.9662148988817627
0.9739470198324135
0.9396087936975905
0.3589301843873938
0.9538604098930349
0.8978417131865571
0.9301496754442209
0.9570685308897684
0.9586185213691355
0.9506514003272722
0.9878186391376418
0.4043835921499222
0.9618933789042978
0.8597289891993518
0.7678380026551329
0.8097851108123686
0.7072627049657351
0.7659418768620161
0.933447177846111
0.924424733891205
0.9523233667637705
0.9499299122006656
0.961889564061215
0.966860985117291
0.849192104588709
0.872705724091995
0.6732426210009207
0.8085250726838699
0.9370458298962531
0.577483268463226
0.9339005183008646
0.9357936825546848
0.8641809735850821
0.6765892192415495
0.9332048388070018
0.587328111007205
0.983175810513065
0.7803567479662316
0.9500577219798877
0.9674052433285915
0.9444189085730841
0.9548290054229914
0.940122426329866
0.9364025592548136
0.8317444596947366
0.8724254535718213
0.9284801147862548
0.8916181631246246
0.6469272093573023
0.9398064522190813
0.8935851703572876
0.8150665660453832
0.9644150497595455
0.9182421774321201
0.9543388949453321
0.8677689076690401
0.924774442482334
0.8123613120592142
0.6955349655327154
0.5831301536047483
0.9144051551959934
0.9083117675719088
0.9109981274686229
0.2883637918943218
0.9779652037730251
0.9562630399113433
0.9683060361894119
0.9678575796899183
0.9844429157861931
0.8525747510192314
0.92684963886908
0.7385314095289993
0.9439939560888791
0.8223368362390862
0.9393266418254499
0.830104568300695
0.7771879206386295
0.8559308295099436
0.899485959227581
0.9034745734320478
0.7802785838924847
0.9216179206374783
0.8964099145827766
0.7297305165446061
0.9069856119788322
0.9454524945716999
0.9405771950745492
0.2600341716628
0.8179274771806337
0.9277685866643666
0.94970919617749
0.9714705859194028
0.9284985974349024
0.9293182587770787
0.9587129713273481
0.9908083430353827
0.9294734609954235
0.7284635804893602
0.8507575765404246
0.9803685170789266
0.7846817449640722
0.9215645313458706
0.7430930372230289
0.908352388103712
0.954838669738406
0.8951855509371572
0.9330968158211767
0.5132258943318239
0.7320509027550754
0.8404574782963402
0.9351400323241735
0.8444991389924303
0.8266680604975649
0.9719149006846373
0.9343960554365162
0.7242467737607559
0.9185210532937381
0.89660299168493
0.8213444456439852
0.8547052167379373
0.9838765741334597
0.9697923812465827
0.9768738260522113
0.8867864228011213
0.9425349538050813
0.7047887431621395
0.46072679545555084
0.6109013129451033
0.909893453046021
0.965861042535688
0.9295611823895137
0.9608626065988239
0.9419058588414883
0.9571050856414846
0.7540275334620602
0.9097915758055857
0.9394150950364385
0.7123246564706275
0.7465977387023136
0.921398690527521
0.9500673182010372
0.9494100829193098
0.8478811834854887
0.7433724454400442
0.8885805767530928
0.8752150923372128
0.9125470431364061
0.9484514301719752
0.8609842645270892
0.6657400766445843
0.6595011855396716
0.8342506408202692
0.9123469175665051
0.9571845495547256
0.7934731402137173
0.958714961415068
0.9148373297370836
0.8920938348963617
0.8775638246240529
0.8876267042721371
0.950893007034119
0.9207923682535074
0.9174009160388571
0.9597181296622562
0.6978202052551686
0.8002359489822674
0.9440118321523746
0.954153097352539
0.8921988783731287
0.9642533065532437
0.9364086280185536
0.9308608660190854
0.6998726648849212
0.923173371353253
0.8880994120797635
0.9305319146758272
0.8757206822082143
0.9389925084541958
0.9532895944356062
0.8884793172302525
0.9557241451781038
0.8702588634598132
0.862889001528833
0.96510279735763
0.8809283875004298
0.8518440039436497
0.9458641045404544
0.936757178238935
0.9617377935303035
0.9015500749626519
0.8994295746996335
0.9339912336787713
0.9441010451630171
0.8255296598627234
0.5741984086087499
0.9122533551978227
0.9526664697049463
0.9853938517228903
0.8727043707298242
0.9544585284506089
0.9719194298429907
0.91258571064881
0.950330894033226
0.9360616709711428
0.960588458360337
0.9761253299274246
0.915518329583483
0.8732348706359175
0.955421899761404
0.9603883842568814
0.9376487831326846
0.9761677623154947
0.9596621943101903
0.9529609167708687
0.7506967642354742
0.9834051220824611
0.9803609527184212
0.9507400399454349
0.9356253416910946
0.9413599838077823
0.8711163331948961
0.849931833045631
0.9431998380602279
0.9454579310167289
0.8861641233010409
0.8945905274111936
0.8250645126570393
0.9574582923670236
0.954747741183566
0.8665806184048142
0.9102784994764955
0.8465362475279575
0.8417468146758378
0.7980767533304819
0.7276864104438633
0.779669875818483
0.8224232165541624
0.9611969807892162
0.8401812559950986
0.8889093786248137
0.867356833334959
0.8701292246197057
0.8970112048947189
0.7346936464223994
0.8704786654976143
0.9010601138669222
0.908166037738371
0.9521466552796592
0.9391795656294666
0.9355652550989815
0.9776306781280056
0.9752955281397376
0.8957956049384835
0.9819057983659073
0.8448018579527267
0.860734046389966
0.254844256805386
0.8235524001414546
0.7207290532316019
0.6612918488392449
0.750079294672195
0.9317548494756612
0.8630702435549145
0.8213668540419633
0.9380521048373169
0.958588665303381
0.8595742803491727
0.9479159937154125
0.9573196810773644
0.6926222527678739
0.7647120160195854
0.9594331481973168
0.9528775205151424
0.9190233700749353
0.982735816411419
0.8849791998089322
0.7089507994102141
0.7409984264981136
0.7003236002421069
0.9542659374238602
0.8867504304990494
0.6967885334109734
0.8600690646869579
0.9128892517671042
0.8471897353589605
0.9159823914778332
0.631715537131943
0.7919753314166154
0.9804214272178483
0.9108205721221143
0.9481228736815762
0.801807882533074
0.670554517090206
0.6382374659902786
0.9354174472220433
0.88440540560985
0.9403836116213535
0.9523419362274567
0.9225815287605968
0.9255528814464332
0.9537444266267979
0.9357329046077107
0.9883845490050474
0.9761728615286708
0.9575116979952799
0.9436272866795521
0.968540213914315
0.9345360570706739
0.8335459777698593
0.8851249917681574
0.9325263227334285
0.9461285702357992
0.8374369713145652
0.6569945647162102
1.0
0.8571003753492966
0.9410743899872671
0.908459926192111
0.9329927103946596
0.9269354896133677
0.6811728974159036
0.839217903909336
0.9509985444854104
0.9443589316891874
0.9576802668919745
0.9655664314715227
0.9603477426327411
0.8402102258029576
0.742854576342151
0.8293840153428246
0.8207584050761714
0.9181456735500525
0.7920802061365209
0.9580384173948897
0.9717373338498833
0.9505752866973962
0.4729751374372123
0.7586069260432406
0.9682215036481013
0.9702926987634682
0.9581822113638139
0.9211928525062384
0.8889154592628826
0.8544918924627999
0.9732777494330507
0.9386636692035153
0.9793272581055529
0.9123424166331152
0.9598139576202788
0.9641472718244302
0.8680521665901295
0.987883906419519
0.8232617338741302
0.8611673175299713
0.8076799259879984
0.7083733481152388
0.9435983597210984
0.9335334375821763
0.9262796023718072
0.9714240104467866
0.8799499245177036
0.9050797508592726
0.9114728110985757
0.9281159985721353
0.7704847406469262
0.9554774057198117
0.9470643804003575
0.9318609717730982
0.9451746084631593
0.9759075281060954
0.897139196907048
0.9068032614316134
0.9723076570552829
0.9200282619235526
0.961599813721736
0.9340744300295515
0.9579225400360567
0.9358058572272605
0.7914071807100909
0.9681893375367692
0.866862876219872
0.47128980578390733
0.801770170100391
0.8939350122602794
0.8608424501201268
0.9338204382911104
0.9125540841225261
0.8939350122602794
0.8978673427457334
0.9439513038319562
0.9363407615504811
0.8971808819676278
0.8680966717281843
0.06906961901656584
0.8841376608885125
0.926756410740623
0.49155969793895443
0.9650308878644845
0.7596331017424308
0.9010763448395244
0.693147110740097
0.8083444710466966
0.8093598001862511
0.7715136503359317
0.9512613718964926
0.954599187359295
0.9421203803279017
0.6965444430790247
0.9160835502741944
0.9692894019128296
0.9383024436357029
0.9368297450584505
0.9580165823342678
0.880110112103172
0.953820820039734
0.9659652876140765
