0.38793093725245326
0.4369917996428686
0.7520153629400244
0.19494304593223624
0.30281431542889337
0.6278314918538421
0.6013362962373342
0.38489897889893354
0.31188591805782334
0.6453268634592751
0.2882616348495357
0.7175999209644388
0.36436698048120086
0.6337193387953122
0.5037883225121644
0.5724158653471071
0.17958558757739443
0.6384036958777767
0.5070559900787557
0.6738319765320654
0.6652029344507453
0.5601084697699773
0.5233122810096882
0.49030651314633156
0.6564867869657168
0.5514970625679368
0.3343330935493534
0.2445640094358107
0.3430372638856697
0.5983711644539275
0.473674278833162
0.2603497281669884
0.4357620651210847
0.39138247113831237
0.24827266595813927
0.2949621655384695
0.31678463472875307
0.5875834004870426
0.31248928306867646
0.3120427907294248
0.5137824563646762
0.4778795205392666
0.26354429555674763
0.6515286811108192
0.3742552333167519
0.07841903587857697
0.3285253913484845
0.5286349633910764
0.6648149158833865
0.6980081143444189
0.45600864230633925
0.353847379224706
0.5772734077575444
0.35869399598695006
0.36373716869542505
0.22838701050134533
0.4771245802030592
0.6663851653415243
0.6087759634765402
0.12776727424327955
0.27623091713689335
0.504063476897904
1.0
0.35634745506802773
0.11589296827879426
0.0980610091368207
0.23722928919464337
0.44838382005617705
0.09791541920816065
0.3279114222654608
0.10722206603681386
0.0313560641619438
0.3654686302557792
0.7385187223634094
0.3097060334075179
0.4858411497074621
0.8916888437654901
0.6340105639033555
0.745766159688874
0.6756978409253044
0.42752781362147974
0.6970047653376885
0.48721420416086486
0.670156823200074
0.8142183575423395
0.5553435314812337
0.4381830270542133
0.3265514878830913
0.38564611102470325
0.34181263827520414
0.3357915967834803
0.6527851526882821
0.4228763429256489
0.3256930466965357
0.8076302933987155
0.23019886238299264
0.6798496075176012
0.42073000619024314
0.36207000967446623
0.5759270966551888
0.37068601558889874
0.5420089050132432
0.3352184098580418
0.4194521542416602
0.40178152614605084
0.43860480663476276
0.4659218122282165
0.2635460785605326
0.36697797156926343
0.2794130752690474
0.4521109364632215
0.4800896704274765
0.9932280097171261
0.45012676236125965
0.4458187652610043
0.5297321717391231
0.22483561210808636
0.32424011532876273
0.4632115667119506
0.22736912425714725
0.7137545159359547
0.4592786744229338
0.5395127511828501
0.5441161347162902
0.5170040545747563
0.6690976360870954
0.44605389924447975
0.7188533960730524
0.2931270092318348
0.45640643758625654
0.4874345357864723
0.07136433339555341
0.2717977750194157
0.7695694480602374
0.18815862275578665
0.31818873315568547
0.7498545171661295
0.3566882812744243
0.7913161858610203
0.5631853601507384
0.6417536106643965
0.6241905559621961
0.638365707177011
0.2678139262105262
0.2535193075835492
0.42092159249917316
0.27897955625693427
0.0821776258330229
0.8324261483006843
0.603687956236304
0.7525604594579148
0.6660992768229641
0.8787615353976598
0.4602867175986942
0.6980161251373669
0.3760086887685239
0.20595293207928173
0.22232833802414856
0.5695494204384102
0.002180634057773699
0.3964816582041708
0.35855766423635665
0.2914504885167707
0.40630998670779583
0.1927047913231559
0.8597001775512667
0.11538919745509174
0.3517490245367492
0.15013893841247533
0.6744311369616579
0.6067139503519938
0.5383276522522277
0.4586236671707707
0.2791169038142037
0.446458477889265
0.570636009358417
0.23552853155948553
0.6133679246717597
0.6485906773865723
0.9590361981079343
0.6404141433421385
0.45957914635822217
0.41062273565321106
0.5314083382553427
0.40457373945792563
0.4952799120839436
0.35266713627130586
0.5179671055727838
0.5465876562871064
0.49127865755100825
0.4994784810063943
0.34875239603507396
0.22768657613604912
0.4178955954351664
0.44861127414108976
0.4186522617223265
0.3231854419811825
0.7760387209590717
0.4906438530156997
0.34840633423181655
0.46807414778567874
0.469017513437573
0.273500327025341
0.4206439952088714
0.8012060232686
0.5242979816058695
0.703328520318846
0.6780441886825835
0.454594755308004
0.2091184952491228
0.32972621685721804
0.09581733969726369
0.5398303879623185
0.10737830400306199
0.6914519683835179
0.36136109208353795
0.17512743825970953
0.6410660791380706
0.28605261856877134
0.24202346112278725
0.6683300230546082
0.4760699014744922
0.5743185597449245
0.5230825890045487
0.2717888393099208
0.4196624202827452
0.09584535087165447
0.4541094686410798
0.44600473647882677
0.39305946903480854
0.5666150825561664
0.8170720904169312
0.4622608942459299
0.3537321432355415
0.5398536290661742
0.37087317460102104
0.5549654194967194
0.7778730315243848
0.26013657257225614
0.37027341166418476
0.7784524073841136
0.3035201537093286
0.3200316565077394
0.28990352020331595
0.6099321421462515
0.5939849612729252
0.6809152677479325
0.7188974894018226
0.5327898700983416
0.3640833938073249
0.07103886726514592
0.25974555287492807
0.07320145765267805
0.6921165295261533
0.41245424784620055
0.38243168109715386
0.21455214129800912
0.4490717555155619
0.5255870638814685
0.5129709178135686
0.2496631245711392
0.4679361432851508
0.5799849683907128
0.3946578229006588
0.35640798186128125
0.39610560950996404
0.2841770714584887
0.7700594113706113
0.3762037681140746
0.23873019032033022
0.44903776413251684
0.32378550047516463
0.4293301964740137
0.4913452763348764
0.5064983034949304
0.2899277725133839
0.5876861004210568
0.5794151170437427
0.459179621991625
0.07613355605239046
0.6806680412538313
0.7983333765000792
0.11676637740835874
0.5381581979450119
0.6208893841916172
0.7140399676433269
0.37977439519018513
0.5937430610993266
0.6548946482450295
0.7845256733744014
0.47666883224774426
0.5917293818691131
0.7028689633030222
0.4869485276855981
0.5081463898641059
0.6469549078076299
0.5796352445704317
0.5018934750168047
0.09014067321661375
0.5628047633570956
0.758305653771028
0.6877126638960899
0.29300414615736725
0.29511262415498746
0.483328775011262
0.4349536029236991
0.5617758444307323
0.30609384887955027
0.12529356451648527
0.4807244004810909
0.3016286811844499
0.7898748993359402
0.5799944367910809
0.2695833599109788
0.2834900801242176
0.2640023647707664
0.3443678795481222
0.47522928839332923
0.4433143722876798
0.2773862380827404
0.1937486862318994
0.4756252117328781
0.09142799658720246
0.21453925329607365
0.4001564695239955
0.31849649536171587
0.19725819823114005
0.31120435048869566
0.35634745506802773
0.21898515965510518
0.16833469860089129
0.4178020330855129
0.34852115932341127
0.5780091401760372
0.6438466495108949
0.8647826155989573
0.6708425528152867
0.7204707052982445
0.1810718047502034
0.2477892048371901
0.4540190093994506
0.2333842878794442
0.1686294846452799
0.45921041067507123
0.33098818903150445
0.46430106924469694
0.8223442849720466
0.3164837171925003
0.7875259984347843
0.6693449219586997
0.41367423537817616
0.4085887126173582
0.505043358929201
0.7435817598067291
0.49891764746380435
0.6488044976393509
0.7243256688806166
0.6864323504135393
0.7249901000234017
0.5957388713797815
0.23745190373777011
0.37588220063203
0.3727838282842558
0.43833322818688447
0.38470595019874654
0.20329258537666947
0.3734715334647336
0.5695759113285809
0.5050093954561199
0.25118225184024656
0.7523257195405885
0.3347547518563863
0.8838246035971024
0.38572728582054294
0.2968804668496564
0.5758061209801522
0.2960890627071882
0.2644164555156771
0.6277921866385072
0.4665442972876378
0.6453094054880746
0.3553575386115318
0.3987899042662905
0.4891185389664245
0.46234261897266526
0.6302228665912556
0.815836655156507
0.547720861827465
0.6444491252621332
0.5093641599325549
0.7355713447593655
0.5465257843083264
0.684276514819109
0.446028725726049
0.4488169407261353
0.5614469013768227
0.6316225042529141
0.8782360002125602
0.9961857813422746
0.4308272824305454
0.6069483505112674
0.568205632293916
0.7547635251524406
0.39219807474228213
0.06534080511555578
0.08919358730875543
0.441624556339259
0.45127665541598955
0.3869316632859436
0.468736786374492
0.3291891020332776
0.1800480060130102
0.5221007171054893
0.0
0.38757527389375124
0.2983622799813122
0.7210214495180973
0.5547420253974681
0.2933297343127256
0.2776055031642009
0.5364737531979246
0.3050454945230625
0.5910728002682129
0.42354231935277514
0.6200088800939794
0.5394308392273709
0.44202591930807605
0.4228618531167131
0.6150583436308409
0.4856449116701902
0.7638408993250428
0.456525181503087
0.7529267878519853
0.7121327508548131
0.06714742970222022
0.9477962417309802
0.2949004853206276
0.0494080794233688
0.061351763316509475
0.4374440557400522
0.5671513317507492
0.4998016883572303
0.5211444671298641
0.7918514292012104
0.37849740410760674
0.6356110052061807
0.7372990443334588
0.39205143603330544
0.2633811366548771
0.3794715750490739
0.5387361828079983
0.567346218004014
0.5017074931293157
0.5281496689490198
0.3355276295529554
0.46281604545564065
0.5393002406232893
0.33476494252989336
0.3283770084132061
0.2756809632425508
0.6479949449320245
0.32195568346712017
0.3234553107957309
0.6184820555114792
0.45404221834197483
0.5313623854252383
0.6053064350724063
0.335896464710278
0.5985948729141594
0.6002562704648603
0.4172355462941608
0.335896464710278
0.4591300199114316
0.7175665658115515
0.3715492854977062
0.5847056952642219
0.4140292953835145
0.36143690873967227
0.6152429460343044
0.41234067774480415
0.29626156811181625
0.6204542217894825
0.42297289620434025
0.46127307973107573
0.4294182974548942
0.22581478038713604
0.18615285017581887
0.4117750232283143
0.47198859904590357
0.4924438412232182
0.5921856366915806
0.6541104681478249
0.23257520094303996
0.3972598119361237
0.20907237275307713
0.09905915703125619
0.316781265167912
0.3943444338992089
0.24516228435329168
0.3501625516517652
