0.5751609630198342
0.628044013480439
0.9116797046284956
0.5011225768488293
0.4331189591616126
0.7592792392069617
0.7575938801597749
0.5481872641753507
0.5126078505312207
0.5589633955445065
0.47649433240832445
0.9254367928852789
0.6138701070172773
0.7462513803984598
0.872581707246475
0.7301810906430691
0.4029914907340841
0.6152197890636952
0.42114386583117
0.8076755308224364
0.8114851211034353
0.5722771131939245
0.597650983143353
0.6536004617846538
0.43668307425639913
0.7323308383599918
0.434363315637866
0.30357576058962976
0.5742495547103147
0.731735498762893
0.5053171628455358
0.6163140188623477
0.3964249828787278
0.49318825518472054
0.6894514123093882
0.6108686285308057
0.5726210092403196
0.6504920637901879
0.5174540744342425
0.5852482912610597
0.6659015400842848
0.57632532434007
0.34863396543237973
0.7720109536991375
0.5217575215498248
0.5273232361265191
0.285163351887918
0.7399435221814674
0.7814294632399897
0.4467509497354263
0.6174453373646459
0.5916367897781016
0.6608733782507081
0.37099221718162484
0.5604273658792603
0.5405316254614332
0.6402988870396628
0.7568611684725063
0.7167333572097087
0.36345067543197845
0.537686594352018
0.6142711182945775
1.0
0.5151647806681638
0.3312930796176836
0.40400964522667987
0.3160570363025941
0.6582849953922867
0.4039973493171986
0.45595105107378286
0.12280439393980248
0.45184107090993414
0.4577323089623268
0.8756251600594211
0.4612239846770851
0.5727919800027496
0.9584509052380548
0.638000260714304
0.863340929319854
0.6723053475451005
0.5955989461679302
0.8657399300169707
0.42683071253753496
0.8449661681299363
0.8633332625210189
0.708785721093673
0.6440034283514133
0.138088734466639
0.5966700934697442
0.4964914112725889
0.4670812069953713
0.7888158600266896
0.6977834111050844
0.5585554345088867
0.878893496692227
0.2973883060374972
0.7714088563569563
0.6097663039552922
0.4954663818424643
0.6161248284453296
0.5254108098945165
0.6223226143850361
0.7636028985690246
0.42757957960963355
0.7084507329164631
0.5767607821286742
0.8239993719452854
0.6730586646728735
0.5214739686515066
0.4897238764052032
0.5824940907208394
0.700280212475081
0.9999476069707063
0.3361586666005885
0.4895304620235649
0.553735286259824
0.34862117387049346
0.4149917313777552
0.5627485021891401
0.19066407035043742
0.8134667182433669
0.5382707011015142
0.5430097179749743
0.7097240818589042
0.520657047017219
0.7330579894217227
0.8210743503924388
0.6935905687696252
0.49873351580398695
0.4784876632406302
0.48911997853761513
0.4414136429482123
0.0
0.7447717409508668
0.5547412795184282
0.6606368793413183
0.7266000216053015
0.6116370796368773
0.733041525627659
0.6755659585825268
0.7123231278961306
0.5488569811042014
0.5507157705174578
0.3893478685415584
0.5126999723060154
0.7680728108527266
0.5868311465611334
0.2542852390735405
0.768597911447257
0.8192013235772091
0.8705985761760063
0.7278164983489164
0.957924102703604
0.5650517455630664
0.8183033331462999
0.584962900483701
0.5506255204883984
0.2873422239952022
0.6796415831506643
0.45627150746931605
0.3766535765097631
0.5485557558768721
0.4442274943685605
0.5467762050949471
0.18357019933461016
0.9424073470408193
0.5147040898704661
0.41370684015618353
0.5201920311208118
0.6933609539591834
0.7756806047712996
0.3949615443267281
0.46822651344783595
0.597546627289095
0.6628524341174603
0.8356500508026592
0.511937688137445
0.8470684890877638
0.8208348907885216
0.9127473570138143
0.5856273999428322
0.750442498118434
0.5234692004261384
0.8204113809038348
0.6792798719217914
0.5587779287894649
0.48157285731814625
0.6323659383010808
0.7605306858644927
0.4947987687601691
0.7199953311469849
0.4251014871693364
0.33417912485400375
0.39118537244282536
0.6414174417472259
0.27536045520261054
0.4289554637232894
0.8732976680889284
0.7277122507591807
0.5383501213922814
0.6349121928498817
0.5868214901172673
0.41189923032839537
0.4699187868710696
0.824211843549787
0.7865603724014503
0.8144609586391203
0.6370658159918197
0.5866921366415803
0.31578015721981895
0.2715386869189742
0.17594285323044076
0.6576462277340949
0.7696330667923958
0.7269413543816169
0.6571949085202591
0.4735571303521978
0.6526778452956178
0.5375626807213703
0.4959890641314383
0.6486423537873189
0.5181724991422054
0.5083395403148245
0.48291652700440635
0.5776053536835098
0.8138234909863872
0.5359044677491717
0.41000294259557635
0.4715682033790559
0.46046500570802196
0.7659030523953302
0.8726160215640415
0.5508403203213935
0.4493715621833476
0.5307652751275984
0.34275115873287426
0.5392549135362593
0.8938847817435471
0.4437195343429367
0.7052816744200155
0.8919306408099881
0.41182765042722513
0.5034626922662288
0.4237612715225113
0.7772265138635226
0.6329963467441434
0.6676729747905226
0.8822562960848809
0.596739545627598
0.43168072284384285
0.4938503102697722
0.5774876909324569
0.27882797546093613
0.7572264213737091
0.5185102510098015
0.4209493300472526
0.4330503091202275
0.6989778679371406
0.6282965138820525
0.6058488978403261
0.31341289902366654
0.48272196694879
0.6222457197288548
0.5883827606110813
0.7189640131317862
0.5333684237358263
0.36169310778865943
0.7786269484780132
0.4010854541013209
0.5474329837565413
0.7929039223831295
0.5398180791571379
0.724704050125984
0.5589640724017229
0.5623765929440782
0.5183663701017543
0.7212744254993568
0.6851861408812504
0.43388624896945915
0.4600860257713283
0.8074356180130302
0.903372006665627
0.41116993808061075
0.6321284057675359
0.7238245137492041
0.8152680421807185
0.4664298828525728
0.7371349618097658
0.7275426609072473
0.8520814802943877
0.6184145650471613
0.6002659374039419
0.7633573466347043
0.6343617436829465
0.5701329563814101
0.8545774557152376
0.7323162070296801
0.744573590317278
0.49931995413297275
0.7721523576114612
0.9022568983560514
0.7191942967994978
0.4759800966035413
0.4258467696840445
0.6229753062853131
0.5539723975233832
0.6186925368095674
0.5716895710024258
0.3735879847882897
0.6251423571892416
0.5403990284395493
0.8591932111132354
0.7013406714419259
0.4383722189422061
0.5915120885687492
0.3919468809762079
0.546855412574633
0.4718748619785154
0.6594110289850382
0.4672241946082833
0.2326943650303786
0.7785002642187536
0.2716259276202458
0.509332706040463
0.5600436076593103
0.5595519227984806
0.5036120990474937
0.2763450617585101
0.5151647806681638
0.6901256039498367
0.5035896011710645
0.6411103961867312
0.5642231958268615
0.80654869794998
0.8430702988257058
0.8548551845856465
0.7973679429988763
0.7765409925882921
0.386177868080787
0.517188167497738
0.6873309701924931
0.4686775253835978
0.34959780653329375
0.6007775826703986
0.39846522638427023
0.4494696634346746
0.8745454610075166
0.43074643832017423
0.7634029952872463
0.6365299633684794
0.5691553438929474
0.5591490168018628
0.5644250183120332
0.5503875649477439
0.5473696664797489
0.73192130528015
0.8144851148766957
0.745050232507824
0.8580905599651875
0.6710480189431618
0.45400685330104484
0.36191090190591196
0.46962371079494175
0.669597717873427
0.41439034972114175
0.29079984343009885
0.5088593824137637
0.8146317051772315
0.576169604614418
0.4603770225204451
0.7577832552333105
0.3098500743463212
0.910144455483378
0.5550649853453171
0.5583570825536196
0.673742891501476
0.3118302227157589
0.23537836356793163
0.7818044915544465
0.45526460518754264
0.7764946764676153
0.5340930623551838
0.625397283949471
0.7603101385444216
0.6554885880504163
0.8372308016839914
0.8890807829334674
0.7104268074485819
0.7151806163872546
0.645307765315882
0.8284592749749249
0.6804829687643742
0.7333520057163866
0.43395125786732786
0.6517274856268339
0.6611921529801318
0.6713800693455241
0.8372223825558004
0.9999983271485147
0.5241005126771959
0.6384630539228554
0.6556007301641726
0.8218624401443304
0.47022519796432755
0.44845790102928024
0.4192701130800726
0.5948014146578924
0.5973723718496025
0.6129523394758835
0.7821409651443367
0.574801644844867
0.29872008053590426
0.4225919621700502
0.3767070069846648
0.37079515319934647
0.5263599042620155
0.6141561095758059
0.679621151997199
0.684427851874001
0.5699655469541439
0.5031584003803177
0.48345590912122405
0.707226779042467
0.6470120850484421
0.6583379722422965
0.7143224083764128
0.6023828759241657
0.5238705588806006
0.6904425076504992
0.5927365663600764
0.8718137645658008
0.5281900976117544
0.7150303436468151
0.7194584409293251
0.37207208614887993
0.9935483640218798
0.5917321456005828
0.22118701902330512
0.15898739330356307
0.6364271865932772
0.6123232952165453
0.5631702248368622
0.5494055393102617
0.8275833501795248
0.45602951909628586
0.5847748244487008
0.7148728592372908
0.47296906117334697
0.31363511432141095
0.5709058665543152
0.6785898613046772
0.680608073302236
0.5696344293477161
0.6813241743148147
0.3480993881097843
0.6589051870730155
0.6120275899029383
0.3818317461317711
0.6474534756858715
0.3976791869813113
0.7456886296955139
0.4204520732313407
0.24744741502019366
0.6195280122919421
0.4137835993506858
0.3947622456057478
0.5707801122527097
0.3652972266431115
0.7188309796260759
0.6504822291577474
0.5220046459302785
0.3652972266431115
0.6195011680135326
0.8677835752623311
0.561006275189449
0.6850864557138349
0.43712059797354086
0.2717166655966464
0.7392338288865401
0.5408383210699959
0.2064178593991164
0.675611952871945
0.40214954439062434
0.6591104924269667
0.567430007619159
0.40779535164909847
0.2654464280216486
0.4894738897268854
0.5975423417781546
0.5432980945459723
0.7008520402551968
0.781263817809081
0.49707478352938433
0.6910006699522865
0.5609637507550393
0.5473719164574398
0.5913963368434769
0.638353857551438
0.5799914965404879
0.712471925406521
