0.5765102988735021
0.6126531938264691
0.49773723531503206
0.6666096810433254
0.5032226221944046
0.5753789165310181
0.41269442794196326
0.5290013278975486
0.48591622091035386
0.44617073650037087
0.4308567495021804
0.6553736685526825
0.7841087353848915
0.5181844721181272
0.6918215596491806
0.6660252470923133
0.45355425580373016
0.7471627407169283
0.6167731975977436
0.7192462221939503
0.6368512584356708
0.5350745565060733
0.3244028720754164
0.49600210827874264
0.25667157765360843
0.34183706503971767
0.6476147256908986
0.6294580837609148
0.587851384523462
0.5734007013207412
0.6059654292266956
0.5122946955661398
0.4173216226930762
0.5488283490791616
0.6130808699830407
0.4368964682923283
0.4579196196010855
0.8157658583795561
0.7571799045594936
0.7256948743608996
0.6439826021566691
0.4908523875461612
0.5985853177014764
0.44293107541526616
0.5732252007465306
0.7040197015013534
0.4825317292542986
0.6629707419528159
0.4386878236679279
0.6328579104186001
0.6414398317011969
0.5378320169843662
0.3982278417745891
0.4735732484872305
0.30511882354411196
0.34121287367707215
0.49950246439155827
0.5099916055065151
0.554660761365792
0.32094227337423425
0.5214105020906719
0.3475399817570277
0.9207418960196015
0.42943173027663206
0.5895149482188111
0.40222630145886984
0.5830719756820952
0.7263020268328451
0.3336033050904254
0.5769345672519336
0.6200963492472786
0.4857929729342901
0.4057522159077355
0.7080141854444708
0.69922893339952
0.9120713725053644
0.6081799170546801
0.5504998642568374
0.7692122012088525
0.8065205562857036
0.42246339194333093
0.6574989861860033
0.4552234991293127
0.8004939006450924
0.6467321111526355
0.6199850284947048
0.6611174786076727
0.4684604453511659
0.5759014425124866
0.7321372789345922
0.515755294267322
0.8529611888147633
0.6801999002656931
0.4265913471969321
0.4469698604742037
0.32338110659643615
0.9086482593637224
0.6518687687356802
0.4861223914878246
0.782370200570462
0.4490775712538011
0.6244429702648638
0.6803288278719902
0.51990483211581
0.41529853840395575
0.3833545940825068
0.6014041181862896
0.6882070429686745
0.6450310618977462
0.7609653781100235
0.4993280997433943
0.8268808947462284
0.5092600691324592
0.6099156120539928
0.3206168305618631
0.28721890090067576
0.5456204939233636
0.4841720064656911
0.49299644795925207
0.4481767818987913
0.8184273331069054
0.5527177598629619
0.6879679305358504
0.40819161709296076
0.5398090962685965
0.7777782195267959
0.42572804340146236
0.6880252948012072
0.43678855531789457
0.4600341459369629
0.5880899289932628
0.4481699663425112
0.3170426392560139
0.3951716327460217
0.603882708820125
0.5141581822457031
0.7538709519855419
0.6423582279099301
0.7632372302033649
0.7405578987185618
0.8535547101741489
0.31119148418961334
0.22722780656088165
0.533121331668823
0.644585210924428
0.7200408024635964
0.46737847579171204
0.7144679492786301
0.8207917631730504
0.6454655536105978
0.4098256467110965
0.4414333569227309
0.701605290689155
0.6870131846936237
0.5306751149273178
0.48523182546723476
0.7008425163488157
0.42812087161877416
0.8108791045267789
0.6324415935224953
0.34844417889017754
0.6676450776348657
0.4932804294709197
0.5808671432255075
0.5389372730277768
0.6802714636066334
0.6315771538009789
0.3426674269798339
0.17586804628671454
0.718053499844946
0.6890584195406543
0.43899395573750566
0.5518760386623789
0.4934360513393136
0.8673880175705041
0.692987587736088
0.7933273432166472
0.781220075448208
0.8463557788533735
0.638699410113604
0.7582141652249872
0.5103261357272596
0.5045772140050594
0.748200409160562
0.3907426570900528
0.7603315313759813
0.44604180889407374
0.9092752905414846
0.6026587485048374
0.2327103536251376
0.4355929931537737
0.3782531502069089
0.38395436303514896
0.5059306698896675
0.31447147064937486
0.5647983333693043
0.730375457636206
0.6187678837356972
0.6652005647824304
0.5239538405091675
0.6715907167579762
0.4513556709403991
0.5657655743980444
0.6584758825861401
0.922087400421883
0.60721778769315
0.5338301495219455
0.38942043917172814
0.7473547122188157
0.4150083092990314
0.47776992726665524
0.3363704209401151
0.7358818591474421
0.8167217401478294
0.5826164693373802
0.5716695500256151
0.26960863939914054
0.6606188070731843
0.6096594607304686
0.5638816410496411
0.5873038681689667
0.6414159772542168
0.5521236705405531
0.566594800412114
0.7305600456187901
0.7556242538385781
0.4549798429923018
0.3633446888073799
0.5444862717657629
0.28495670417873115
0.6235132147956639
0.7053260164550247
0.3350743293208639
0.6669243325582531
0.8348448722594364
0.7386148972157317
0.570602347504768
0.4554347813739934
0.26836252852594283
0.48099652520222325
0.592776759861826
0.5086233825833003
0.6353126466054554
0.3838430422825752
0.649517401819072
0.556716787510266
0.23527925037968328
0.4905411438093734
0.7631645309363779
0.48987776299811775
0.5088988446496179
0.4718023397804709
0.37721491380025196
0.7471087842297115
0.5621209556773016
0.5565838841628055
0.5761570258729876
0.551027501905516
0.6015023757893266
0.5897983617674555
0.2942525549816605
0.6026025201655272
0.28356746662365295
0.4242394123173005
0.5908030883557357
0.4084699189743951
0.5210492776078306
0.5911097883883367
0.3209911181942411
0.3906182731879424
0.5192459950087409
0.46073046860357203
0.6252284631261367
0.7651989744859651
0.4251248666706803
0.885966656026826
0.7207087269790388
0.803890887487661
0.30070631881581983
0.5980940296862913
0.5499523479023422
0.5785197520500626
0.527311637903126
0.6246661797330346
0.6340074675778308
0.9251617842671971
0.45302832204412163
0.7095192874563094
0.8188709122281304
0.5231331339404479
0.6486842000638391
0.5555535992384751
0.5642411616434123
0.6396007674316372
0.46690422666722703
0.537463976945245
0.4933059878069698
0.7867474915913074
0.7907925242435017
0.7301119227933784
0.8234805001255199
0.6994970119465342
0.5845032425009002
0.4866659321011565
0.4582621013041567
0.40959618964966904
0.5133278203055869
0.3822090126644395
0.4689227672521608
0.5660893133213455
0.45559778676169066
0.8322935823586142
0.6866928535484625
0.0
0.38505223555925616
0.34273558254263414
0.5149652577018626
0.4220538906035062
0.5701292343063297
0.5654980638140534
0.5291614934701291
0.5080258854827515
0.6795234563049007
0.5411693677094846
0.4559959288410487
0.6728669296714107
0.47263894931384387
0.4145919924029266
0.42943173027663206
0.441365769322954
0.5590817855394342
0.24896772720508803
0.6845868466579352
0.5958613670415601
0.8558543924556336
0.7794684774842419
0.5318667013502753
0.7539226366206655
0.5906491703764118
0.5841721200582958
0.5502391692291265
0.6036044069386907
0.6034794550735569
0.2741137221002364
0.6388680951315345
0.6001460800896018
0.7856127014706834
0.6135852211477624
0.6101859624531004
0.5140962742761596
0.47564006592914776
0.437473518724037
0.5326612816199214
0.6341494583336647
0.5761308995739142
0.42898303948819716
0.6612657169567633
0.8314302785631444
0.5725515966008549
0.6214821790242168
0.793753883447172
0.6534454340884591
0.6159269326929739
0.7952186600843538
0.5836870796363673
0.5479690210248552
0.4833302852651081
0.3307640579367721
0.5012637177269211
0.4716569412464971
0.6928012958644341
0.500482768569835
0.44613041112571405
0.5758622530638765
0.4763273011873835
0.42057150711260094
0.4727809400696777
0.22246089290602825
0.5266090676432601
0.42188122984441223
0.7822458166683516
0.4581286299936729
0.9114148072503888
0.805112007987832
0.2078307333879335
0.4354271479509598
0.6389981586638783
0.48592417239268054
0.7064301365723886
0.5365012796206916
0.3684722589820512
0.7395980412091251
0.6908656778809072
0.6200804462826253
0.4094201211124351
0.7824133657602356
0.6281574484374769
0.8117327529508519
1.0
0.4617340592658056
0.5371714759882272
0.673521223074293
0.7434914277340888
0.5617233815609669
0.5442704458168955
0.5739737760112865
0.5831350195776854
0.5196804867215925
0.6125356254806387
0.5566208017593223
0.5521997775856801
0.5318354633839919
0.557006448652167
0.23090877491511794
0.6514320051707354
0.3578933797094074
0.7823207877874319
0.7238683052778532
0.572597601605745
0.51706615292518
0.3545844271354558
0.601325171326046
0.6880803872144707
0.5448389768032542
0.7646838320238
0.403415616029734
0.47002802329557136
0.3819466137476586
0.7917001291547915
0.4697900467887939
0.5687292054538081
0.6020146784363751
0.6397109522581642
0.6575410154497302
0.6329294737595403
0.8755456704746695
0.6033687022840065
0.7845500426540231
0.5786486796563597
0.587941122681149
0.3822499060021196
0.5034282248088521
0.5280852035409087
0.6790747655164658
0.39127711029501133
0.5142916535561869
0.6932017097958855
0.4157818749368141
0.5128933285927353
0.559005110531284
0.8077161184498245
0.5355175676642748
0.6166408622133065
0.44857662786721936
0.36717503143675334
0.8138819250311528
0.6882956452003148
0.38478018127107855
0.5798249310776871
0.407788931309416
0.8627034585540343
0.4450552571225403
0.4032281882320333
0.5810278767611113
0.6165000073835193
0.523028060781131
0.4286945142723428
0.25445992964074066
0.5914312554595446
0.4458061042393896
0.3150138753366601
0.25445992964074066
0.6331526832277111
0.5267885439586342
0.8461507442019495
0.6094885038604446
0.5906889277880453
0.30440148624563945
0.720671809382522
0.6319741599542903
0.34401690712327865
0.47165921309859044
0.3423715182446762
0.6352160928914884
0.41466980333712355
0.5633585471051493
0.4949775029846457
0.48638422244158214
0.3627966044898613
0.4452466606614043
0.39124757621779793
0.5976885040876299
0.5049458220072041
0.6962857490125963
0.5327016069945782
0.2341893293379028
0.6188456946698943
0.2661912058877319
0.5504754418468341
0.4577424151378049
